92.103
85.172
81.117
78.240
76.009
74.186
72.644
71.309
70.131
69.078
68.124
67.254
66.454
65.713
65.023
64.378
63.771
63.200
62.659
62.146
61.658
61.193
60.748
60.323
59.915
59.522
59.145
58.781
58.430
58.091
57.764
57.446
57.138
56.840
56.550
56.268
55.994
55.728
55.468
55.215
54.968
54.727
54.491
54.262
54.037
53.817
53.602
53.391
53.185
52.983
52.785
52.591
52.400
52.214
52.030
51.850
51.673
51.499
51.328
51.160
50.995
50.832
50.672
50.515
50.360
50.207
50.056
49.908
49.762
49.618
49.477
49.337
49.199
49.063
48.929
48.796
48.665
48.536
48.409
48.283
48.159
48.036
47.915
47.795
47.677
47.560
47.444
47.330
47.217
47.105
46.995
46.886
46.777
46.670
46.565
46.460
46.356
46.254
46.152
46.052
45.952
45.854
45.756
45.659
45.564
45.469
45.375
45.282
45.190
45.099
45.008
44.918
44.830
44.741
44.654
44.568
44.482
44.397
44.312
44.228
44.145
44.063
43.982
43.901
43.820
43.741
43.662
43.583
43.505
43.428
43.351
43.275
43.200
43.125
43.051
42.977
42.904
42.831
42.759
42.687
42.616
42.545
42.475
42.405
42.336
42.267
42.199
42.131
42.064
41.997
41.931
41.865
41.799
41.734
41.669
41.605
41.541
41.477
41.414
41.352
41.289
41.227
41.166
41.105
41.044
40.984
40.923
40.864
40.804
40.745
40.687
40.628
40.570
40.513
40.456
40.399
40.342
40.286
40.230
40.174
40.118
40.063
40.009
39.954
39.900
39.846
39.792
39.739
39.686
39.633
39.581
39.528
39.477
39.425
39.373
39.322
39.271
39.221
39.170
39.120
39.070
39.021
38.971
38.922
38.873
38.825
38.776
38.728
38.680
38.632
38.585
38.538
38.490
38.444
38.397
38.351
38.304
38.258
38.213
38.167
38.122
38.077
38.032
37.987
37.942
37.898
37.854
37.810
37.766
37.723
37.679
37.636
37.593
37.550
37.508
37.465
37.423
37.381
37.339
37.297
37.255
37.214
37.173
37.132
37.091
37.050
37.010
36.969
36.929
36.889
36.849
36.809
36.770
36.730
36.691
36.652
36.613
36.574
36.535
36.497
36.458
36.420
36.382
36.344
36.306
36.268
36.231
36.194
36.156
36.119
36.082
36.045
36.009
35.972
35.936
35.899
35.863
35.827
35.791
35.756
35.720
35.684
35.649
35.614
35.579
35.543
35.509
35.474
35.439
35.405
35.370
35.336
35.302
35.268
35.234
35.200
35.166
35.132
35.099
35.066
35.032
34.999
34.966
34.933
34.900
34.868
34.835
34.802
34.770
34.738
34.705
34.673
34.641
34.609
34.578
34.546
34.514
34.483
34.451
34.420
34.389
34.358
34.327
34.296
34.265
34.234
34.204
34.173
34.143
34.112
34.082
34.052
34.022
33.992
33.962
33.932
33.903
33.873
33.843
33.814
33.785
33.755
33.726
33.697
33.668
33.639
33.610
33.581
33.553
33.524
33.496
33.467
33.439
33.410
33.382
33.354
33.326
33.298
33.270
33.242
33.215
33.187
33.159
33.132
33.104
33.077
33.050
33.023
32.995
32.968
32.941
32.914
32.888
32.861
32.834
32.808
32.781
32.754
32.728
32.702
32.675
32.649
32.623
32.597
32.571
32.545
32.519
32.493
32.468
32.442
32.416
32.391
32.365
32.340
32.315
32.289
32.264
32.239
32.214
32.189
32.164
32.139
32.114
32.089
32.065
32.040
32.015
31.991
31.966
31.942
31.917
31.893
31.869
31.845
31.821
31.797
31.773
31.749
31.725
31.701
31.677
31.653
31.630
31.606
31.583
31.559
31.536
31.512
31.489
31.466
31.442
31.419
31.396
31.373
31.350
31.327
31.304
31.281
31.258
31.236
31.213
31.190
31.168
31.145
31.123
31.100
31.078
31.055
31.033
31.011
30.989
30.967
30.944
30.922
30.900
30.878
30.857
30.835
30.813
30.791
30.769
30.748
30.726
30.705
30.683
30.662
30.640
30.619
30.597
30.576
30.555
30.534
30.512
30.491
30.470
30.449
30.428
30.407
30.386
30.366
30.345
30.324
30.303
30.283
30.262
30.241
30.221
30.200
30.180
30.159
30.139
30.119
30.098
30.078
30.058
30.038
30.018
29.997
29.977
29.957
29.937
29.917
29.898
29.878
29.858
29.838
29.818
29.799
29.779
29.759
29.740
29.720
29.701
29.681
29.662
29.642
29.623
29.604
29.584
29.565
29.546
29.527
29.508
29.488
29.469
29.450
29.431
29.412
29.394
29.375
29.356
29.337
29.318
29.299
29.281
29.262
29.243
29.225
29.206
29.188
29.169
29.151
29.132
29.114
29.096
29.077
29.059
29.041
29.022
29.004
28.986
28.968
28.950
28.932
28.914
28.896
28.878
28.860
28.842
28.824
28.806
28.788
28.771
28.753
28.735
28.717
28.700
28.682
28.665
28.647
28.630
28.612
28.595
28.577
28.560
28.542
28.525
28.508
28.490
28.473
28.456
28.439
28.422
28.404
28.387
28.370
28.353
28.336
28.319
28.302
28.285
28.268
28.251
28.235
28.218
28.201
28.184
28.167
28.151
28.134
28.117
28.101
28.084
28.068
28.051
28.035
28.018
28.002
27.985
27.969
27.952
27.936
27.920
27.903
27.887
27.871
27.855
27.839
27.822
27.806
27.790
27.774
27.758
27.742
27.726
27.710
27.694
27.678
27.662
27.646
27.630
27.615
27.599
27.583
27.567
27.551
27.536
27.520
27.504
27.489
27.473
27.458
27.442
27.426
27.411
27.395
27.380
27.364
27.349
27.334
27.318
27.303
27.288
27.272
27.257
27.242
27.227
27.211
27.196
27.181
27.166
27.151
27.136
27.121
27.106
27.091
27.076
27.061
27.046
27.031
27.016
27.001
26.986
26.971
26.956
26.941
26.927
26.912
26.897
26.882
26.868
26.853
26.838
26.824
26.809
26.795
26.780
26.766
26.751
26.736
26.722
26.708
26.693
26.679
26.664
26.650
26.636
26.621
26.607
26.593
26.578
26.564
26.550
26.536
26.521
26.507
26.493
26.479
26.465
26.451
26.437
26.423
26.409
26.395
26.381
26.367
26.353
26.339
26.325
26.311
26.297
26.283
26.269
26.255
26.242
26.228
26.214
26.200
26.187
26.173
26.159
26.146
26.132
26.118
26.105
26.091
26.078
26.064
26.050
26.037
26.023
26.010
25.996
25.983
25.970
25.956
25.943
25.929
25.916
25.903
25.889
25.876
25.863
25.849
25.836
25.823
25.810
25.797
25.783
25.770
25.757
25.744
25.731
25.718
25.705
25.692
25.679
25.666
25.652
25.639
25.627
25.614
25.601
25.588
25.575
25.562
25.549
25.536
25.523
25.510
25.498
25.485
25.472
25.459
25.447
25.434
25.421
25.408
25.396
25.383
25.370
25.358
25.345
25.333
25.320
25.307
25.295
25.282
25.270
25.257
25.245
25.232
25.220
25.207
25.195
25.183
25.170
25.158
25.145
25.133
25.121
25.108
25.096
25.084
25.072
25.059
25.047
25.035
25.023
25.010
24.998
24.986
24.974
24.962
24.950
24.937
24.925
24.913
24.901
24.889
24.877
24.865
24.853
24.841
24.829
24.817
24.805
24.793
24.781
24.769
24.757
24.746
24.734
24.722
24.710
24.698
24.686
24.675
24.663
24.651
24.639
24.628
24.616
24.604
24.592
24.581
24.569
24.557
24.546
24.534
24.522
24.511
24.499
24.488
24.476
24.465
24.453
24.441
24.430
24.418
24.407
24.396
24.384
24.373
24.361
24.350
24.338
24.327
24.316
24.304
24.293
24.281
24.270
24.259
24.248
24.236
24.225
24.214
24.202
24.191
24.180
24.169
24.158
24.146
24.135
24.124
24.113
24.102
24.091
24.079
24.068
24.057
24.046
24.035
24.024
24.013
24.002
23.991
23.980
23.969
23.958
23.947
23.936
23.925
23.914
23.903
23.892
23.881
23.871
23.860
23.849
23.838
23.827
23.816
23.805
23.795
23.784
23.773
23.762
23.752
23.741
23.730
23.719
23.709
23.698
23.687
23.677
23.666
23.655
23.645
23.634
23.623
23.613
23.602
23.592
23.581
23.570
23.560
23.549
23.539
23.528
23.518
23.507
23.497
23.486
23.476
23.465
23.455
23.444
23.434
23.424
23.413
23.403
23.392
23.382
23.372
23.361
23.351
23.341
23.330
23.320
23.310
23.300
23.289
23.279
23.269
23.259
23.248
23.238
23.228
23.218
23.207
23.197
23.187
23.177
23.167
23.157
23.147
23.136
23.126
23.116
23.106
23.096
23.086
23.076
23.066
23.056
23.046
23.036
23.026
23.016
23.006
22.996
22.986
22.976
22.966
22.956
22.946
22.936
22.926
22.916
22.907
22.897
22.887
22.877
22.867
22.857
22.847
22.838
22.828
22.818
22.808
22.798
22.789
22.779
22.769
22.759
22.750
22.740
22.730
22.721
22.711
22.701
22.692
22.682
22.672
22.663
22.653
22.643
22.634
22.624
22.614
22.605
22.595
22.586
22.576
22.567
22.557
22.547
22.538
22.528
22.519
22.509
22.500
22.490
22.481
22.472
22.462
22.453
22.443
22.434
22.424
22.415
22.405
22.396
22.387
22.377
22.368
22.359
22.349
22.340
22.331
22.321
22.312
22.303
22.293
22.284
22.275
22.266
22.256
22.247
22.238
22.229
22.219
22.210
22.201
22.192
22.182
22.173
22.164
22.155
22.146
22.137
22.127
22.118
22.109
22.100
22.091
22.082
22.073
22.064
22.055
22.046
22.036
22.027
22.018
22.009
22.000
21.991
21.982
21.973
21.964
21.955
21.946
21.937
21.928
21.919
21.910
21.901
21.893
21.884
21.875
21.866
21.857
21.848
21.839
21.830
21.821
21.813
21.804
21.795
21.786
21.777
21.768
21.760
21.751
21.742
21.733
21.724
21.716
21.707
21.698
21.689
21.681
21.672
21.663
21.654
21.646
21.637
21.628
21.620
21.611
21.602
21.594
21.585
21.576
21.568
21.559
21.550
21.542
21.533
21.524
21.516
21.507
21.499
21.490
21.481
21.473
21.464
21.456
21.447
21.439
21.430
21.422
21.413
21.405
21.396
21.388
21.379
21.371
21.362
21.354
21.345
21.337
21.328
21.320
21.312
21.303
21.295
21.286
21.278
21.270
21.261
21.253
21.244
21.236
21.228
21.219
21.211
21.203
21.194
21.186
21.178
21.169
21.161
21.153
21.144
21.136
21.128
21.120
21.111
21.103
21.095
21.087
21.078
21.070
21.062
21.054
21.046
21.037
21.029
21.021
21.013
21.005
20.996
20.988
20.980
20.972
20.964
20.956
20.948
20.939
20.931
20.923
20.915
20.907
20.899
20.891
20.883
20.875
20.867
20.859
20.851
20.843
20.834
20.826
20.818
20.810
20.802
20.794
20.786
20.778
20.770
20.762
20.754
20.747
20.739
20.731
20.723
20.715
20.707
20.699
20.691
20.683
20.675
20.667
20.659
20.651
20.644
20.636
20.628
20.620
20.612
20.604
20.596
20.589
20.581
20.573
20.565
20.557
20.549
20.542
20.534
20.526
20.518
20.510
20.503
20.495
20.487
20.479
20.472
20.464
20.456
20.448
20.441
20.433
20.425
20.418
20.410
20.402
20.395
20.387
20.379
20.371
20.364
20.356
20.349
20.341
20.333
20.326
20.318
20.310
20.303
20.295
20.287
20.280
20.272
20.265
20.257
20.250
20.242
20.234
20.227
20.219
20.212
20.204
20.197
20.189
20.182
20.174
20.167
20.159
20.152
20.144
20.137
20.129
20.122
20.114
20.107
20.099
20.092
20.084
20.077
20.069
20.062
20.054
20.047
20.040
20.032
20.025
20.017
20.010
20.003
19.995
19.988
19.980
19.973
19.966
19.958
19.951
19.944
19.936
19.929
19.922
19.914
19.907
19.900
19.892
19.885
19.878
19.870
19.863
19.856
19.849
19.841
19.834
19.827
19.820
19.812
19.805
19.798
19.791
19.783
19.776
19.769
19.762
19.754
19.747
19.740
19.733
19.726
19.718
19.711
19.704
19.697
19.690
19.683
19.675
19.668
19.661
19.654
19.647
19.640
19.633
19.625
19.618
19.611
19.604
19.597
19.590
19.583
19.576
19.569
19.562
19.555
19.547
19.540
19.533
19.526
19.519
19.512
19.505
19.498
19.491
19.484
19.477
19.470
19.463
19.456
19.449
19.442
19.435
19.428
19.421
19.414
19.407
19.400
19.393
19.386
19.379
19.372
19.366
19.359
19.352
19.345
19.338
19.331
19.324
19.317
19.310
19.303
19.296
19.290
19.283
19.276
19.269
19.262
19.255
19.248
19.241
19.235
19.228
19.221
19.214
19.207
19.200
19.194
19.187
19.180
19.173
19.166
19.160
19.153
19.146
19.139
19.132
19.126
19.119
19.112
19.105
19.099
19.092
19.085
19.078
19.072
19.065
19.058
19.052
19.045
19.038
19.031
19.025
19.018
19.011
19.005
18.998
18.991
18.985
18.978
18.971
18.965
18.958
18.951
18.945
18.938
18.931
18.925
18.918
18.911
18.905
18.898
18.892
18.885
18.878
18.872
18.865
18.859
18.852
18.845
18.839
18.832
18.826
18.819
18.812
18.806
18.799
18.793
18.786
18.780
18.773
18.767
18.760
18.754
18.747
18.741
18.734
18.728
18.721
18.715
18.708
18.702
18.695
18.689
18.682
18.676
18.669
18.663
18.656
18.650
18.643
18.637
18.630
18.624
18.618
18.611
18.605
18.598
18.592
18.585
18.579
18.573
18.566
18.560
18.553
18.547
18.541
18.534
18.528
18.521
18.515
18.509
18.502
18.496
18.490
18.483
18.477
18.471
18.464
18.458
18.452
18.445
18.439
18.433
18.426
18.420
18.414
18.407
18.401
18.395
18.389
18.382
18.376
18.370
18.363
18.357
18.351
18.345
18.338
18.332
18.326
18.320
18.313
18.307
18.301
18.295
18.288
18.282
18.276
18.270
18.264
18.257
18.251
18.245
18.239
18.233
18.226
18.220
18.214
18.208
18.202
18.195
18.189
18.183
18.177
18.171
18.165
18.158
18.152
18.146
18.140
18.134
18.128
18.122
18.116
18.109
18.103
18.097
18.091
18.085
18.079
18.073
18.067
18.061
18.055
18.048
18.042
18.036
18.030
18.024
18.018
18.012
18.006
18.000
17.994
17.988
17.982
17.976
17.970
17.964
17.958
17.952
17.946
17.940
17.934
17.928
17.922
17.916
17.910
17.904
17.898
17.892
17.886
17.880
17.874
17.868
17.862
17.856
17.850
17.844
17.838
17.832
17.826
17.820
17.814
17.808
17.802
17.796
17.790
17.784
17.779
17.773
17.767
17.761
17.755
17.749
17.743
17.737
17.731
17.725
17.720
17.714
17.708
17.702
17.696
17.690
17.684
17.678
17.673
17.667
17.661
17.655
17.649
17.643
17.638
17.632
17.626
17.620
17.614
17.608
17.603
17.597
17.591
17.585
17.579
17.574
17.568
17.562
17.556
17.550
17.545
17.539
17.533
17.527
17.522
17.516
17.510
17.504
17.499
17.493
17.487
17.481
17.476
17.470
17.464
17.458
17.453
17.447
17.441
17.435
17.430
17.424
17.418
17.413
17.407
17.401
17.395
17.390
17.384
17.378
17.373
17.367
17.361
17.356
17.350
17.344
17.339
17.333
17.327
17.322
17.316
17.310
17.305
17.299
17.293
17.288
17.282
17.277
17.271
17.265
17.260
17.254
17.248
17.243
17.237
17.232
17.226
17.220
17.215
17.209
17.204
17.198
17.193
17.187
17.181
17.176
17.170
17.165
17.159
17.154
17.148
17.142
17.137
17.131
17.126
17.120
17.115
17.109
17.104
17.098
17.093
17.087
17.082
17.076
17.071
17.065
17.059
17.054
17.048
17.043
17.037
17.032
17.027
17.021
17.016
17.010
17.005
16.999
16.994
16.988
16.983
16.977
16.972
16.966
16.961
16.955
16.950
16.945
16.939
16.934
16.928
16.923
16.917
16.912
16.906
16.901
16.896
16.890
16.885
16.879
16.874
16.869
16.863
16.858
16.852
16.847
16.842
16.836
16.831
16.825
16.820
16.815
16.809
16.804
16.799
16.793
16.788
16.783
16.777
16.772
16.766
16.761
16.756
16.750
16.745
16.740
16.734
16.729
16.724
16.718
16.713
16.708
16.703
16.697
16.692
16.687
16.681
16.676
16.671
16.665
16.660
16.655
16.650
16.644
16.639
16.634
16.628
16.623
16.618
16.613
16.607
16.602
16.597
16.592
16.586
16.581
16.576
16.571
16.565
16.560
16.555
16.550
16.544
16.539
16.534
16.529
16.523
16.518
16.513
16.508
16.503
16.497
16.492
16.487
16.482
16.477
16.471
16.466
16.461
16.456
16.451
16.445
16.440
16.435
16.430
16.425
16.420
16.414
16.409
16.404
16.399
16.394
16.389
16.384
16.378
16.373
16.368
16.363
16.358
16.353
16.348
16.342
16.337
16.332
16.327
16.322
16.317
16.312
16.307
16.302
16.296
16.291
16.286
16.281
16.276
16.271
16.266
16.261
16.256
16.251
16.246
16.240
16.235
16.230
16.225
16.220
16.215
16.210
16.205
16.200
16.195
16.190
16.185
16.180
16.175
16.170
16.165
16.160
16.155
16.150
16.145
16.139
16.134
16.129
16.124
16.119
16.114
16.109
16.104
16.099
16.094
16.089
16.084
16.079
16.074
16.069
16.064
16.059
16.054
16.049
16.045
16.040
16.035
16.030
16.025
16.020
16.015
16.010
16.005
16.000
15.995
15.990
15.985
15.980
15.975
15.970
15.965
15.960
15.955
15.950
15.945
15.941
15.936
15.931
15.926
15.921
15.916
15.911
15.906
15.901
15.896
15.891
15.887
15.882
15.877
15.872
15.867
15.862
15.857
15.852
15.847
15.843
15.838
15.833
15.828
15.823
15.818
15.813
15.809
15.804
15.799
15.794
15.789
15.784
15.779
15.775
15.770
15.765
15.760
15.755
15.750
15.746
15.741
15.736
15.731
15.726
15.721
15.717
15.712
15.707
15.702
15.697
15.693
15.688
15.683
15.678
15.673
15.669
15.664
15.659
15.654
15.649
15.645
15.640
15.635
15.630
15.626
15.621
15.616
15.611
15.606
15.602
15.597
15.592
15.587
15.583
15.578
15.573
15.568
15.564
15.559
15.554
15.549
15.545
15.540
15.535
15.531
15.526
15.521
15.516
15.512
15.507
15.502
15.498
15.493
15.488
15.483
15.479
15.474
15.469
15.465
15.460
15.455
15.451
15.446
15.441
15.437
15.432
15.427
15.422
15.418
15.413
15.408
15.404
15.399
15.394
15.390
15.385
15.380
15.376
15.371
15.367
15.362
15.357
15.353
15.348
15.343
15.339
15.334
15.329
15.325
15.320
15.316
15.311
15.306
15.302
15.297
15.292
15.288
15.283
15.279
15.274
15.269
15.265
15.260
15.256
15.251
15.246
15.242
15.237
15.233
15.228
15.223
15.219
15.214
15.210
15.205
15.201
15.196
15.191
15.187
15.182
15.178
15.173
15.169
15.164
15.159
15.155
15.150
15.146
15.141
15.137
15.132
15.128
15.123
15.119
15.114
15.110
15.105
15.100
15.096
15.091
15.087
15.082
15.078
15.073
15.069
15.064
15.060
15.055
15.051
15.046
15.042
15.037
15.033
15.028
15.024
15.019
15.015
15.010
15.006
15.001
14.997
14.992
14.988
14.983
14.979
14.974
14.970
14.966
14.961
14.957
14.952
14.948
14.943
14.939
14.934
14.930
14.925
14.921
14.917
14.912
14.908
14.903
14.899
14.894
14.890
14.885
14.881
14.877
14.872
14.868
14.863
14.859
14.855
14.850
14.846
14.841
14.837
14.832
14.828
14.824
14.819
14.815
14.810
14.806
14.802
14.797
14.793
14.788
14.784
14.780
14.775
14.771
14.767
14.762
14.758
14.753
14.749
14.745
14.740
14.736
14.732
14.727
14.723
14.719
14.714
14.710
14.705
14.701
14.697
14.692
14.688
14.684
14.679
14.675
14.671
14.666
14.662
14.658
14.653
14.649
14.645
14.640
14.636
14.632
14.627
14.623
14.619
14.614
14.610
14.606
14.602
14.597
14.593
14.589
14.584
14.580
14.576
14.571
14.567
14.563
14.559
14.554
14.550
14.546
14.541
14.537
14.533
14.529
14.524
14.520
14.516
14.512
14.507
14.503
14.499
14.494
14.490
14.486
14.482
14.477
14.473
14.469
14.465
14.460
14.456
14.452
14.448
14.443
14.439
14.435
14.431
14.427
14.422
14.418
14.414
14.410
14.405
14.401
14.397
14.393
14.389
14.384
14.380
14.376
14.372
14.367
14.363
14.359
14.355
14.351
14.346
14.342
14.338
14.334
14.330
14.325
14.321
14.317
14.313
14.309
14.305
14.300
14.296
14.292
14.288
14.284
14.280
14.275
14.271
14.267
14.263
14.259
14.255
14.250
14.246
14.242
14.238
14.234
14.230
14.225
14.221
14.217
14.213
14.209
14.205
14.201
14.196
14.192
14.188
14.184
14.180
14.176
14.172
14.168
14.163
14.159
14.155
14.151
14.147
14.143
14.139
14.135
14.130
14.126
14.122
14.118
14.114
14.110
14.106
14.102
14.098
14.094
14.089
14.085
14.081
14.077
14.073
14.069
14.065
14.061
14.057
14.053
14.049
14.045
14.041
14.036
14.032
14.028
14.024
14.020
14.016
14.012
14.008
14.004
14.000
13.996
13.992
13.988
13.984
13.980
13.976
13.972
13.967
13.963
13.959
13.955
13.951
13.947
13.943
13.939
13.935
13.931
13.927
13.923
13.919
13.915
13.911
13.907
13.903
13.899
13.895
13.891
13.887
13.883
13.879
13.875
13.871
13.867
13.863
13.859
13.855
13.851
13.847
13.843
13.839
13.835
13.831
13.827
13.823
13.819
13.815
13.811
13.807
13.803
13.799
13.795
13.791
13.787
13.783
13.779
13.775
13.771
13.767
13.763
13.759
13.756
13.752
13.748
13.744
13.740
13.736
13.732
13.728
13.724
13.720
13.716
13.712
13.708
13.704
13.700
13.696
13.692
13.688
13.685
13.681
13.677
13.673
13.669
13.665
13.661
13.657
13.653
13.649
13.645
13.641
13.638
13.634
13.630
13.626
13.622
13.618
13.614
13.610
13.606
13.602
13.598
13.595
13.591
13.587
13.583
13.579
13.575
13.571
13.567
13.563
13.560
13.556
13.552
13.548
13.544
13.540
13.536
13.532
13.529
13.525
13.521
13.517
13.513
13.509
13.505
13.502
13.498
13.494
13.490
13.486
13.482
13.478
13.475
13.471
13.467
13.463
13.459
13.455
13.452
13.448
13.444
13.440
13.436
13.432
13.429
13.425
13.421
13.417
13.413
13.409
13.406
13.402
13.398
13.394
13.390
13.386
13.383
13.379
13.375
13.371
13.367
13.364
13.360
13.356
13.352
13.348
13.345
13.341
13.337
13.333
13.329
13.326
13.322
13.318
13.314
13.310
13.307
13.303
13.299
13.295
13.292
13.288
13.284
13.280
13.276
13.273
13.269
13.265
13.261
13.258
13.254
13.250
13.246
13.243
13.239
13.235
13.231
13.228
13.224
13.220
13.216
13.213
13.209
13.205
13.201
13.198
13.194
13.190
13.186
13.183
13.179
13.175
13.171
13.168
13.164
13.160
13.156
13.153
13.149
13.145
13.142
13.138
13.134
13.130
13.127
13.123
13.119
13.116
13.112
13.108
13.104
13.101
13.097
13.093
13.090
13.086
13.082
13.079
13.075
13.071
13.067
13.064
13.060
13.056
13.053
13.049
13.045
13.042
13.038
13.034
13.031
13.027
13.023
13.020
13.016
13.012
13.009
13.005
13.001
12.997
12.994
12.990
12.986
12.983
12.979
12.976
12.972
12.968
12.965
12.961
12.957
12.954
12.950
12.946
12.943
12.939
12.935
12.932
12.928
12.924
12.921
12.917
12.913
12.910
12.906
12.903
12.899
12.895
12.892
12.888
12.884
12.881
12.877
12.874
12.870
12.866
12.863
12.859
12.855
12.852
12.848
12.845
12.841
12.837
12.834
12.830
12.827
12.823
12.819
12.816
12.812
12.809
12.805
12.801
12.798
12.794
12.791
12.787
12.783
12.780
12.776
12.773
12.769
12.765
12.762
12.758
12.755
12.751
12.748
12.744
12.740
12.737
12.733
12.730
12.726
12.723
12.719
12.715
12.712
12.708
12.705
12.701
12.698
12.694
12.690
12.687
12.683
12.680
12.676
12.673
12.669
12.666
12.662
12.658
12.655
12.651
12.648
12.644
12.641
12.637
12.634
12.630
12.627
12.623
12.620
12.616
12.612
12.609
12.605
12.602
12.598
12.595
12.591
12.588
12.584
12.581
12.577
12.574
12.570
12.567
12.563
12.560
12.556
12.553
12.549
12.546
12.542
12.539
12.535
12.532
12.528
12.525
12.521
12.518
12.514
12.511
12.507
12.504
12.500
12.497
12.493
12.490
12.486
12.483
12.479
12.476
12.472
12.469
12.465
12.462
12.458
12.455
12.451
12.448
12.444
12.441
12.438
12.434
12.431
12.427
12.424
12.420
12.417
12.413
12.410
12.406
12.403
12.399
12.396
12.393
12.389
12.386
12.382
12.379
12.375
12.372
12.368
12.365
12.362
12.358
12.355
12.351
12.348
12.344
12.341
12.337
12.334
12.331
12.327
12.324
12.320
12.317
12.313
12.310
12.307
12.303
12.300
12.296
12.293
12.289
12.286
12.283
12.279
12.276
12.272
12.269
12.266
12.262
12.259
12.255
12.252
12.249
12.245
12.242
12.238
12.235
12.232
12.228
12.225
12.221
12.218
12.215
12.211
12.208
12.204
12.201
12.198
12.194
12.191
12.187
12.184
12.181
12.177
12.174
12.171
12.167
12.164
12.160
12.157
12.154
12.150
12.147
12.144
12.140
12.137
12.133
12.130
12.127
12.123
12.120
12.117
12.113
12.110
12.107
12.103
12.100
12.097
12.093
12.090
12.087
12.083
12.080
12.076
12.073
12.070
12.066
12.063
12.060
12.056
12.053
12.050
12.046
12.043
12.040
12.036
12.033
12.030
12.026
12.023
12.020
12.016
12.013
12.010
12.006
12.003
12.000
11.996
11.993
11.990
11.987
11.983
11.980
11.977
11.973
11.970
11.967
11.963
11.960
11.957
11.953
11.950
11.947
11.944
11.940
11.937
11.934
11.930
11.927
11.924
11.920
11.917
11.914
11.911
11.907
11.904
11.901
11.897
11.894
11.891
11.888
11.884
11.881
11.878
11.874
11.871
11.868
11.865
11.861
11.858
11.855
11.852
11.848
11.845
11.842
11.838
11.835
11.832
11.829
11.825
11.822
11.819
11.816
11.812
11.809
11.806
11.803
11.799
11.796
11.793
11.790
11.786
11.783
11.780
11.777
11.773
11.770
11.767
11.764
11.760
11.757
11.754
11.751
11.747
11.744
11.741
11.738
11.734
11.731
11.728
11.725
11.722
11.718
11.715
11.712
11.709
11.705
11.702
11.699
11.696
11.692
11.689
11.686
11.683
11.680
11.676
11.673
11.670
11.667
11.664
11.660
11.657
11.654
11.651
11.648
11.644
11.641
11.638
11.635
11.632
11.628
11.625
11.622
11.619
11.616
11.612
11.609
11.606
11.603
11.600
11.596
11.593
11.590
11.587
11.584
11.580
11.577
11.574
11.571
11.568
11.565
11.561
11.558
11.555
11.552
11.549
11.545
11.542
11.539
11.536
11.533
11.530
11.526
11.523
11.520
11.517
11.514
11.511
11.507
11.504
11.501
11.498
11.495
11.492
11.489
11.485
11.482
11.479
11.476
11.473
11.470
11.466
11.463
11.460
11.457
11.454
11.451
11.448
11.444
11.441
11.438
11.435
11.432
11.429
11.426
11.423
11.419
11.416
11.413
11.410
11.407
11.404
11.401
11.397
11.394
11.391
11.388
11.385
11.382
11.379
11.376
11.372
11.369
11.366
11.363
11.360
11.357
11.354
11.351
11.348
11.344
11.341
11.338
11.335
11.332
11.329
11.326
11.323
11.320
11.317
11.313
11.310
11.307
11.304
11.301
11.298
11.295
11.292
11.289
11.286
11.282
11.279
11.276
11.273
11.270
11.267
11.264
11.261
11.258
11.255
11.252
11.249
11.245
11.242
11.239
11.236
11.233
11.230
11.227
11.224
11.221
11.218
11.215
11.212
11.209
11.206
11.202
11.199
11.196
11.193
11.190
11.187
11.184
11.181
11.178
11.175
11.172
11.169
11.166
11.163
11.160
11.157
11.154
11.150
11.147
11.144
11.141
11.138
11.135
11.132
11.129
11.126
11.123
11.120
11.117
11.114
11.111
11.108
11.105
11.102
11.099
11.096
11.093
11.090
11.087
11.084
11.081
11.078
11.075
11.071
11.068
11.065
11.062
11.059
11.056
11.053
11.050
11.047
11.044
11.041
11.038
11.035
11.032
11.029
11.026
11.023
11.020
11.017
11.014
11.011
11.008
11.005
11.002
10.999
10.996
10.993
10.990
10.987
10.984
10.981
10.978
10.975
10.972
10.969
10.966
10.963
10.960
10.957
10.954
10.951
10.948
10.945
10.942
10.939
10.936
10.933
10.930
10.927
10.924
10.921
10.918
10.915
10.912
10.909
10.906
10.903
10.900
10.898
10.895
10.892
10.889
10.886
10.883
10.880
10.877
10.874
10.871
10.868
10.865
10.862
10.859
10.856
10.853
10.850
10.847
10.844
10.841
10.838
10.835
10.832
10.829
10.826
10.823
10.821
10.818
10.815
10.812
10.809
10.806
10.803
10.800
10.797
10.794
10.791
10.788
10.785
10.782
10.779
10.776
10.773
10.770
10.768
10.765
10.762
10.759
10.756
10.753
10.750
10.747
10.744
10.741
10.738
10.735
10.732
10.729
10.727
10.724
10.721
10.718
10.715
10.712
10.709
10.706
10.703
10.700
10.697
10.694
10.692
10.689
10.686
10.683
10.680
10.677
10.674
10.671
10.668
10.665
10.662
10.660
10.657
10.654
10.651
10.648
10.645
10.642
10.639
10.636
10.633
10.631
10.628
10.625
10.622
10.619
10.616
10.613
10.610
10.607
10.604
10.602
10.599
10.596
10.593
10.590
10.587
10.584
10.581
10.579
10.576
10.573
10.570
10.567
10.564
10.561
10.558
10.556
10.553
10.550
10.547
10.544
10.541
10.538
10.535
10.533
10.530
10.527
10.524
10.521
10.518
10.515
10.513
10.510
10.507
10.504
10.501
10.498
10.495
10.493
10.490
10.487
10.484
10.481
10.478
10.475
10.473
10.470
10.467
10.464
10.461
10.458
10.455
10.453
10.450
10.447
10.444
10.441
10.438
10.436
10.433
10.430
10.427
10.424
10.421
10.419
10.416
10.413
10.410
10.407
10.404
10.402
10.399
10.396
10.393
10.390
10.387
10.385
10.382
10.379
10.376
10.373
10.370
10.368
10.365
10.362
10.359
10.356
10.354
10.351
10.348
10.345
10.342
10.339
10.337
10.334
10.331
10.328
10.325
10.323
10.320
10.317
10.314
10.311
10.309
10.306
10.303
10.300
10.297
10.295
10.292
10.289
10.286
10.283
10.281
10.278
10.275
10.272
10.269
10.267
10.264
10.261
10.258
10.255
10.253
10.250
10.247
10.244
10.242
10.239
10.236
10.233
10.230
10.228
10.225
10.222
10.219
10.217
10.214
10.211
10.208
10.205
10.203
10.200
10.197
10.194
10.192
10.189
10.186
10.183
10.180
10.178
10.175
10.172
10.169
10.167
10.164
10.161
10.158
10.156
10.153
10.150
10.147
10.145
10.142
10.139
10.136
10.134
10.131
10.128
10.125
10.123
10.120
10.117
10.114
10.112
10.109
10.106
10.103
10.101
10.098
10.095
10.092
10.090
10.087
10.084
10.081
10.079
10.076
10.073
10.070
10.068
10.065
10.062
10.059
10.057
10.054
10.051
10.048
10.046
10.043
10.040
10.038
10.035
10.032
10.029
10.027
10.024
10.021
10.018
10.016
10.013
10.010
10.008
10.005
10.002
 9.999
 9.997
 9.994
 9.991
 9.989
 9.986
 9.983
 9.980
 9.978
 9.975
 9.972
 9.970
 9.967
 9.964
 9.961
 9.959
 9.956
 9.953
 9.951
 9.948
 9.945
 9.943
 9.940
 9.937
 9.934
 9.932
 9.929
 9.926
 9.924
 9.921
 9.918
 9.916
 9.913
 9.910
 9.907
 9.905
 9.902
 9.899
 9.897
 9.894
 9.891
 9.889
 9.886
 9.883
 9.881
 9.878
 9.875
 9.872
 9.870
 9.867
 9.864
 9.862
 9.859
 9.856
 9.854
 9.851
 9.848
 9.846
 9.843
 9.840
 9.838
 9.835
 9.832
 9.830
 9.827
 9.824
 9.822
 9.819
 9.816
 9.814
 9.811
 9.808
 9.806
 9.803
 9.800
 9.798
 9.795
 9.792
 9.790
 9.787
 9.784
 9.782
 9.779
 9.776
 9.774
 9.771
 9.768
 9.766
 9.763
 9.760
 9.758
 9.755
 9.752
 9.750
 9.747
 9.744
 9.742
 9.739
 9.737
 9.734
 9.731
 9.729
 9.726
 9.723
 9.721
 9.718
 9.715
 9.713
 9.710
 9.707
 9.705
 9.702
 9.700
 9.697
 9.694
 9.692
 9.689
 9.686
 9.684
 9.681
 9.678
 9.676
 9.673
 9.671
 9.668
 9.665
 9.663
 9.660
 9.657
 9.655
 9.652
 9.650
 9.647
 9.644
 9.642
 9.639
 9.636
 9.634
 9.631
 9.629
 9.626
 9.623
 9.621
 9.618
 9.615
 9.613
 9.610
 9.608
 9.605
 9.602
 9.600
 9.597
 9.595
 9.592
 9.589
 9.587
 9.584
 9.582
 9.579
 9.576
 9.574
 9.571
 9.569
 9.566
 9.563
 9.561
 9.558
 9.556
 9.553
 9.550
 9.548
 9.545
 9.543
 9.540
 9.537
 9.535
 9.532
 9.530
 9.527
 9.524
 9.522
 9.519
 9.517
 9.514
 9.511
 9.509
 9.506
 9.504
 9.501
 9.498
 9.496
 9.493
 9.491
 9.488
 9.486
 9.483
 9.480
 9.478
 9.475
 9.473
 9.470
 9.467
 9.465
 9.462
 9.460
 9.457
 9.455
 9.452
 9.449
 9.447
 9.444
 9.442
 9.439
 9.437
 9.434
 9.431
 9.429
 9.426
 9.424
 9.421
 9.419
 9.416
 9.414
 9.411
 9.408
 9.406
 9.403
 9.401
 9.398
 9.396
 9.393
 9.390
 9.388
 9.385
 9.383
 9.380
 9.378
 9.375
 9.373
 9.370
 9.367
 9.365
 9.362
 9.360
 9.357
 9.355
 9.352
 9.350
 9.347
 9.345
 9.342
 9.339
 9.337
 9.334
 9.332
 9.329
 9.327
 9.324
 9.322
 9.319
 9.317
 9.314
 9.312
 9.309
 9.306
 9.304
 9.301
 9.299
 9.296
 9.294
 9.291
 9.289
 9.286
 9.284
 9.281
 9.279
 9.276
 9.274
 9.271
 9.268
 9.266
 9.263
 9.261
 9.258
 9.256
 9.253
 9.251
 9.248
 9.246
 9.243
 9.241
 9.238
 9.236
 9.233
 9.231
 9.228
 9.226
 9.223
 9.221
 9.218
 9.216
 9.213
 9.211
 9.208
 9.205
 9.203
 9.200
 9.198
 9.195
 9.193
 9.190
 9.188
 9.185
 9.183
 9.180
 9.178
 9.175
 9.173
 9.170
 9.168
 9.165
 9.163
 9.160
 9.158
 9.155
 9.153
 9.150
 9.148
 9.145
 9.143
 9.140
 9.138
 9.135
 9.133
 9.130
 9.128
 9.125
 9.123
 9.120
 9.118
 9.116
 9.113
 9.111
 9.108
 9.106
 9.103
 9.101
 9.098
 9.096
 9.093
 9.091
 9.088
 9.086
 9.083
 9.081
 9.078
 9.076
 9.073
 9.071
 9.068
 9.066
 9.063
 9.061
 9.058
 9.056
 9.054
 9.051
 9.049
 9.046
 9.044
 9.041
 9.039
 9.036
 9.034
 9.031
 9.029
 9.026
 9.024
 9.021
 9.019
 9.016
 9.014
 9.012
 9.009
 9.007
 9.004
 9.002
 8.999
 8.997
 8.994
 8.992
 8.989
 8.987
 8.985
 8.982
 8.980
 8.977
 8.975
 8.972
 8.970
 8.967
 8.965
 8.962
 8.960
 8.958
 8.955
 8.953
 8.950
 8.948
 8.945
 8.943
 8.940
 8.938
 8.936
 8.933
 8.931
 8.928
 8.926
 8.923
 8.921
 8.918
 8.916
 8.914
 8.911
 8.909
 8.906
 8.904
 8.901
 8.899
 8.896
 8.894
 8.892
 8.889
 8.887
 8.884
 8.882
 8.879
 8.877
 8.875
 8.872
 8.870
 8.867
 8.865
 8.862
 8.860
 8.858
 8.855
 8.853
 8.850
 8.848
 8.845
 8.843
 8.841
 8.838
 8.836
 8.833
 8.831
 8.829
 8.826
 8.824
 8.821
 8.819
 8.816
 8.814
 8.812
 8.809
 8.807
 8.804
 8.802
 8.800
 8.797
 8.795
 8.792
 8.790
 8.788
 8.785
 8.783
 8.780
 8.778
 8.776
 8.773
 8.771
 8.768
 8.766
 8.763
 8.761
 8.759
 8.756
 8.754
 8.751
 8.749
 8.747
 8.744
 8.742
 8.739
 8.737
 8.735
 8.732
 8.730
 8.728
 8.725
 8.723
 8.720
 8.718
 8.716
 8.713
 8.711
 8.708
 8.706
 8.704
 8.701
 8.699
 8.696
 8.694
 8.692
 8.689
 8.687
 8.685
 8.682
 8.680
 8.677
 8.675
 8.673
 8.670
 8.668
 8.665
 8.663
 8.661
 8.658
 8.656
 8.654
 8.651
 8.649
 8.646
 8.644
 8.642
 8.639
 8.637
 8.635
 8.632
 8.630
 8.627
 8.625
 8.623
 8.620
 8.618
 8.616
 8.613
 8.611
 8.609
 8.606
 8.604
 8.601
 8.599
 8.597
 8.594
 8.592
 8.590
 8.587
 8.585
 8.583
 8.580
 8.578
 8.576
 8.573
 8.571
 8.568
 8.566
 8.564
 8.561
 8.559
 8.557
 8.554
 8.552
 8.550
 8.547
 8.545
 8.543
 8.540
 8.538
 8.536
 8.533
 8.531
 8.528
 8.526
 8.524
 8.521
 8.519
 8.517
 8.514
 8.512
 8.510
 8.507
 8.505
 8.503
 8.500
 8.498
 8.496
 8.493
 8.491
 8.489
 8.486
 8.484
 8.482
 8.479
 8.477
 8.475
 8.472
 8.470
 8.468
 8.465
 8.463
 8.461
 8.458
 8.456
 8.454
 8.451
 8.449
 8.447
 8.444
 8.442
 8.440
 8.437
 8.435
 8.433
 8.430
 8.428
 8.426
 8.423
 8.421
 8.419
 8.416
 8.414
 8.412
 8.410
 8.407
 8.405
 8.403
 8.400
 8.398
 8.396
 8.393
 8.391
 8.389
 8.386
 8.384
 8.382
 8.379
 8.377
 8.375
 8.372
 8.370
 8.368
 8.366
 8.363
 8.361
 8.359
 8.356
 8.354
 8.352
 8.349
 8.347
 8.345
 8.343
 8.340
 8.338
 8.336
 8.333
 8.331
 8.329
 8.326
 8.324
 8.322
 8.319
 8.317
 8.315
 8.313
 8.310
 8.308
 8.306
 8.303
 8.301
 8.299
 8.297
 8.294
 8.292
 8.290
 8.287
 8.285
 8.283
 8.281
 8.278
 8.276
 8.274
 8.271
 8.269
 8.267
 8.265
 8.262
 8.260
 8.258
 8.255
 8.253
 8.251
 8.249
 8.246
 8.244
 8.242
 8.239
 8.237
 8.235
 8.233
 8.230
 8.228
 8.226
 8.223
 8.221
 8.219
 8.217
 8.214
 8.212
 8.210
 8.208
 8.205
 8.203
 8.201
 8.198
 8.196
 8.194
 8.192
 8.189
 8.187
 8.185
 8.183
 8.180
 8.178
 8.176
 8.174
 8.171
 8.169
 8.167
 8.164
 8.162
 8.160
 8.158
 8.155
 8.153
 8.151
 8.149
 8.146
 8.144
 8.142
 8.140
 8.137
 8.135
 8.133
 8.131
 8.128
 8.126
 8.124
 8.122
 8.119
 8.117
 8.115
 8.113
 8.110
 8.108
 8.106
 8.104
 8.101
 8.099
 8.097
 8.095
 8.092
 8.090
 8.088
 8.086
 8.083
 8.081
 8.079
 8.077
 8.074
 8.072
 8.070
 8.068
 8.065
 8.063
 8.061
 8.059
 8.056
 8.054
 8.052
 8.050
 8.047
 8.045
 8.043
 8.041
 8.039
 8.036
 8.034
 8.032
 8.030
 8.027
 8.025
 8.023
 8.021
 8.018
 8.016
 8.014
 8.012
 8.010
 8.007
 8.005
 8.003
 8.001
 7.998
 7.996
 7.994
 7.992
 7.990
 7.987
 7.985
 7.983
 7.981
 7.978
 7.976
 7.974
 7.972
 7.970
 7.967
 7.965
 7.963
 7.961
 7.958
 7.956
 7.954
 7.952
 7.950
 7.947
 7.945
 7.943
 7.941
 7.939
 7.936
 7.934
 7.932
 7.930
 7.927
 7.925
 7.923
 7.921
 7.919
 7.916
 7.914
 7.912
 7.910
 7.908
 7.905
 7.903
 7.901
 7.899
 7.897
 7.894
 7.892
 7.890
 7.888
 7.886
 7.883
 7.881
 7.879
 7.877
 7.875
 7.872
 7.870
 7.868
 7.866
 7.864
 7.861
 7.859
 7.857
 7.855
 7.853
 7.850
 7.848
 7.846
 7.844
 7.842
 7.839
 7.837
 7.835
 7.833
 7.831
 7.829
 7.826
 7.824
 7.822
 7.820
 7.818
 7.815
 7.813
 7.811
 7.809
 7.807
 7.804
 7.802
 7.800
 7.798
 7.796
 7.794
 7.791
 7.789
 7.787
 7.785
 7.783
 7.781
 7.778
 7.776
 7.774
 7.772
 7.770
 7.767
 7.765
 7.763
 7.761
 7.759
 7.757
 7.754
 7.752
 7.750
 7.748
 7.746
 7.744
 7.741
 7.739
 7.737
 7.735
 7.733
 7.731
 7.728
 7.726
 7.724
 7.722
 7.720
 7.718
 7.715
 7.713
 7.711
 7.709
 7.707
 7.705
 7.702
 7.700
 7.698
 7.696
 7.694
 7.692
 7.689
 7.687
 7.685
 7.683
 7.681
 7.679
 7.677
 7.674
 7.672
 7.670
 7.668
 7.666
 7.664
 7.661
 7.659
 7.657
 7.655
 7.653
 7.651
 7.649
 7.646
 7.644
 7.642
 7.640
 7.638
 7.636
 7.634
 7.631
 7.629
 7.627
 7.625
 7.623
 7.621
 7.619
 7.616
 7.614
 7.612
 7.610
 7.608
 7.606
 7.604
 7.601
 7.599
 7.597
 7.595
 7.593
 7.591
 7.589
 7.586
 7.584
 7.582
 7.580
 7.578
 7.576
 7.574
 7.572
 7.569
 7.567
 7.565
 7.563
 7.561
 7.559
 7.557
 7.554
 7.552
 7.550
 7.548
 7.546
 7.544
 7.542
 7.540
 7.537
 7.535
 7.533
 7.531
 7.529
 7.527
 7.525
 7.523
 7.520
 7.518
 7.516
 7.514
 7.512
 7.510
 7.508
 7.506
 7.504
 7.501
 7.499
 7.497
 7.495
 7.493
 7.491
 7.489
 7.487
 7.484
 7.482
 7.480
 7.478
 7.476
 7.474
 7.472
 7.470
 7.468
 7.465
 7.463
 7.461
 7.459
 7.457
 7.455
 7.453
 7.451
 7.449
 7.447
 7.444
 7.442
 7.440
 7.438
 7.436
 7.434
 7.432
 7.430
 7.428
 7.425
 7.423
 7.421
 7.419
 7.417
 7.415
 7.413
 7.411
 7.409
 7.407
 7.404
 7.402
 7.400
 7.398
 7.396
 7.394
 7.392
 7.390
 7.388
 7.386
 7.384
 7.381
 7.379
 7.377
 7.375
 7.373
 7.371
 7.369
 7.367
 7.365
 7.363
 7.361
 7.358
 7.356
 7.354
 7.352
 7.350
 7.348
 7.346
 7.344
 7.342
 7.340
 7.338
 7.336
 7.333
 7.331
 7.329
 7.327
 7.325
 7.323
 7.321
 7.319
 7.317
 7.315
 7.313
 7.311
 7.308
 7.306
 7.304
 7.302
 7.300
 7.298
 7.296
 7.294
 7.292
 7.290
 7.288
 7.286
 7.284
 7.282
 7.279
 7.277
 7.275
 7.273
 7.271
 7.269
 7.267
 7.265
 7.263
 7.261
 7.259
 7.257
 7.255
 7.253
 7.251
 7.248
 7.246
 7.244
 7.242
 7.240
 7.238
 7.236
 7.234
 7.232
 7.230
 7.228
 7.226
 7.224
 7.222
 7.220
 7.218
 7.215
 7.213
 7.211
 7.209
 7.207
 7.205
 7.203
 7.201
 7.199
 7.197
 7.195
 7.193
 7.191
 7.189
 7.187
 7.185
 7.183
 7.181
 7.178
 7.176
 7.174
 7.172
 7.170
 7.168
 7.166
 7.164
 7.162
 7.160
 7.158
 7.156
 7.154
 7.152
 7.150
 7.148
 7.146
 7.144
 7.142
 7.140
 7.138
 7.136
 7.133
 7.131
 7.129
 7.127
 7.125
 7.123
 7.121
 7.119
 7.117
 7.115
 7.113
 7.111
 7.109
 7.107
 7.105
 7.103
 7.101
 7.099
 7.097
 7.095
 7.093
 7.091
 7.089
 7.087
 7.085
 7.083
 7.081
 7.079
 7.077
 7.074
 7.072
 7.070
 7.068
 7.066
 7.064
 7.062
 7.060
 7.058
 7.056
 7.054
 7.052
 7.050
 7.048
 7.046
 7.044
 7.042
 7.040
 7.038
 7.036
 7.034
 7.032
 7.030
 7.028
 7.026
 7.024
 7.022
 7.020
 7.018
 7.016
 7.014
 7.012
 7.010
 7.008
 7.006
 7.004
 7.002
 7.000
 6.998
 6.996
 6.994
 6.992
 6.990
 6.988
 6.986
 6.984
 6.982
 6.980
 6.978
 6.976
 6.974
 6.972
 6.970
 6.968
 6.966
 6.964
 6.962
 6.960
 6.958
 6.956
 6.953
 6.951
 6.949
 6.947
 6.945
 6.943
 6.941
 6.939
 6.937
 6.935
 6.933
 6.931
 6.929
 6.927
 6.925
 6.923
 6.921
 6.919
 6.917
 6.915
 6.913
 6.911
 6.909
 6.908
 6.906
 6.904
 6.902
 6.900
 6.898
 6.896
 6.894
 6.892
 6.890
 6.888
 6.886
 6.884
 6.882
 6.880
 6.878
 6.876
 6.874
 6.872
 6.870
 6.868
 6.866
 6.864
 6.862
 6.860
 6.858
 6.856
 6.854
 6.852
 6.850
 6.848
 6.846
 6.844
 6.842
 6.840
 6.838
 6.836
 6.834
 6.832
 6.830
 6.828
 6.826
 6.824
 6.822
 6.820
 6.818
 6.816
 6.814
 6.812
 6.810
 6.808
 6.806
 6.804
 6.802
 6.800
 6.798
 6.796
 6.794
 6.792
 6.790
 6.788
 6.787
 6.785
 6.783
 6.781
 6.779
 6.777
 6.775
 6.773
 6.771
 6.769
 6.767
 6.765
 6.763
 6.761
 6.759
 6.757
 6.755
 6.753
 6.751
 6.749
 6.747
 6.745
 6.743
 6.741
 6.739
 6.737
 6.735
 6.733
 6.731
 6.730
 6.728
 6.726
 6.724
 6.722
 6.720
 6.718
 6.716
 6.714
 6.712
 6.710
 6.708
 6.706
 6.704
 6.702
 6.700
 6.698
 6.696
 6.694
 6.692
 6.690
 6.688
 6.686
 6.685
 6.683
 6.681
 6.679
 6.677
 6.675
 6.673
 6.671
 6.669
 6.667
 6.665
 6.663
 6.661
 6.659
 6.657
 6.655
 6.653
 6.651
 6.649
 6.648
 6.646
 6.644
 6.642
 6.640
 6.638
 6.636
 6.634
 6.632
 6.630
 6.628
 6.626
 6.624
 6.622
 6.620
 6.618
 6.616
 6.615
 6.613
 6.611
 6.609
 6.607
 6.605
 6.603
 6.601
 6.599
 6.597
 6.595
 6.593
 6.591
 6.589
 6.587
 6.586
 6.584
 6.582
 6.580
 6.578
 6.576
 6.574
 6.572
 6.570
 6.568
 6.566
 6.564
 6.562
 6.560
 6.559
 6.557
 6.555
 6.553
 6.551
 6.549
 6.547
 6.545
 6.543
 6.541
 6.539
 6.537
 6.535
 6.533
 6.532
 6.530
 6.528
 6.526
 6.524
 6.522
 6.520
 6.518
 6.516
 6.514
 6.512
 6.510
 6.509
 6.507
 6.505
 6.503
 6.501
 6.499
 6.497
 6.495
 6.493
 6.491
 6.489
 6.487
 6.486
 6.484
 6.482
 6.480
 6.478
 6.476
 6.474
 6.472
 6.470
 6.468
 6.466
 6.465
 6.463
 6.461
 6.459
 6.457
 6.455
 6.453
 6.451
 6.449
 6.447
 6.445
 6.444
 6.442
 6.440
 6.438
 6.436
 6.434
 6.432
 6.430
 6.428
 6.426
 6.425
 6.423
 6.421
 6.419
 6.417
 6.415
 6.413
 6.411
 6.409
 6.407
 6.406
 6.404
 6.402
 6.400
 6.398
 6.396
 6.394
 6.392
 6.390
 6.388
 6.387
 6.385
 6.383
 6.381
 6.379
 6.377
 6.375
 6.373
 6.371
 6.370
 6.368
 6.366
 6.364
 6.362
 6.360
 6.358
 6.356
 6.354
 6.353
 6.351
 6.349
 6.347
 6.345
 6.343
 6.341
 6.339
 6.337
 6.336
 6.334
 6.332
 6.330
 6.328
 6.326
 6.324
 6.322
 6.321
 6.319
 6.317
 6.315
 6.313
 6.311
 6.309
 6.307
 6.305
 6.304
 6.302
 6.300
 6.298
 6.296
 6.294
 6.292
 6.290
 6.289
 6.287
 6.285
 6.283
 6.281
 6.279
 6.277
 6.275
 6.274
 6.272
 6.270
 6.268
 6.266
 6.264
 6.262
 6.260
 6.259
 6.257
 6.255
 6.253
 6.251
 6.249
 6.247
 6.246
 6.244
 6.242
 6.240
 6.238
 6.236
 6.234
 6.232
 6.231
 6.229
 6.227
 6.225
 6.223
 6.221
 6.219
 6.218
 6.216
 6.214
 6.212
 6.210
 6.208
 6.206
 6.205
 6.203
 6.201
 6.199
 6.197
 6.195
 6.193
 6.192
 6.190
 6.188
 6.186
 6.184
 6.182
 6.180
 6.179
 6.177
 6.175
 6.173
 6.171
 6.169
 6.167
 6.166
 6.164
 6.162
 6.160
 6.158
 6.156
 6.154
 6.153
 6.151
 6.149
 6.147
 6.145
 6.143
 6.142
 6.140
 6.138
 6.136
 6.134
 6.132
 6.130
 6.129
 6.127
 6.125
 6.123
 6.121
 6.119
 6.118
 6.116
 6.114
 6.112
 6.110
 6.108
 6.106
 6.105
 6.103
 6.101
 6.099
 6.097
 6.095
 6.094
 6.092
 6.090
 6.088
 6.086
 6.084
 6.083
 6.081
 6.079
 6.077
 6.075
 6.073
 6.072
 6.070
 6.068
 6.066
 6.064
 6.062
 6.061
 6.059
 6.057
 6.055
 6.053
 6.051
 6.050
 6.048
 6.046
 6.044
 6.042
 6.040
 6.039
 6.037
 6.035
 6.033
 6.031
 6.029
 6.028
 6.026
 6.024
 6.022
 6.020
 6.018
 6.017
 6.015
 6.013
 6.011
 6.009
 6.008
 6.006
 6.004
 6.002
 6.000
 5.998
 5.997
 5.995
 5.993
 5.991
 5.989
 5.987
 5.986
 5.984
 5.982
 5.980
 5.978
 5.977
 5.975
 5.973
 5.971
 5.969
 5.967
 5.966
 5.964
 5.962
 5.960
 5.958
 5.957
 5.955
 5.953
 5.951
 5.949
 5.948
 5.946
 5.944
 5.942
 5.940
 5.938
 5.937
 5.935
 5.933
 5.931
 5.929
 5.928
 5.926
 5.924
 5.922
 5.920
 5.919
 5.917
 5.915
 5.913
 5.911
 5.910
 5.908
 5.906
 5.904
 5.902
 5.900
 5.899
 5.897
 5.895
 5.893
 5.891
 5.890
 5.888
 5.886
 5.884
 5.882
 5.881
 5.879
 5.877
 5.875
 5.873
 5.872
 5.870
 5.868
 5.866
 5.864
 5.863
 5.861
 5.859
 5.857
 5.855
 5.854
 5.852
 5.850
 5.848
 5.847
 5.845
 5.843
 5.841
 5.839
 5.838
 5.836
 5.834
 5.832
 5.830
 5.829
 5.827
 5.825
 5.823
 5.821
 5.820
 5.818
 5.816
 5.814
 5.812
 5.811
 5.809
 5.807
 5.805
 5.804
 5.802
 5.800
 5.798
 5.796
 5.795
 5.793
 5.791
 5.789
 5.787
 5.786
 5.784
 5.782
 5.780
 5.779
 5.777
 5.775
 5.773
 5.771
 5.770
 5.768
 5.766
 5.764
 5.763
 5.761
 5.759
 5.757
 5.755
 5.754
 5.752
 5.750
 5.748
 5.747
 5.745
 5.743
 5.741
 5.739
 5.738
 5.736
 5.734
 5.732
 5.731
 5.729
 5.727
 5.725
 5.723
 5.722
 5.720
 5.718
 5.716
 5.715
 5.713
 5.711
 5.709
 5.708
 5.706
 5.704
 5.702
 5.700
 5.699
 5.697
 5.695
 5.693
 5.692
 5.690
 5.688
 5.686
 5.685
 5.683
 5.681
 5.679
 5.677
 5.676
 5.674
 5.672
 5.670
 5.669
 5.667
 5.665
 5.663
 5.662
 5.660
 5.658
 5.656
 5.655
 5.653
 5.651
 5.649
 5.648
 5.646
 5.644
 5.642
 5.641
 5.639
 5.637
 5.635
 5.633
 5.632
 5.630
 5.628
 5.626
 5.625
 5.623
 5.621
 5.619
 5.618
 5.616
 5.614
 5.612
 5.611
 5.609
 5.607
 5.605
 5.604
 5.602
 5.600
 5.598
 5.597
 5.595
 5.593
 5.591
 5.590
 5.588
 5.586
 5.584
 5.583
 5.581
 5.579
 5.577
 5.576
 5.574
 5.572
 5.570
 5.569
 5.567
 5.565
 5.563
 5.562
 5.560
 5.558
 5.556
 5.555
 5.553
 5.551
 5.550
 5.548
 5.546
 5.544
 5.543
 5.541
 5.539
 5.537
 5.536
 5.534
 5.532
 5.530
 5.529
 5.527
 5.525
 5.523
 5.522
 5.520
 5.518
 5.516
 5.515
 5.513
 5.511
 5.510
 5.508
 5.506
 5.504
 5.503
 5.501
 5.499
 5.497
 5.496
 5.494
 5.492
 5.490
 5.489
 5.487
 5.485
 5.484
 5.482
 5.480
 5.478
 5.477
 5.475
 5.473
 5.471
 5.470
 5.468
 5.466
 5.465
 5.463
 5.461
 5.459
 5.458
 5.456
 5.454
 5.452
 5.451
 5.449
 5.447
 5.446
 5.444
 5.442
 5.440
 5.439
 5.437
 5.435
 5.433
 5.432
 5.430
 5.428
 5.427
 5.425
 5.423
 5.421
 5.420
 5.418
 5.416
 5.415
 5.413
 5.411
 5.409
 5.408
 5.406
 5.404
 5.403
 5.401
 5.399
 5.397
 5.396
 5.394
 5.392
 5.391
 5.389
 5.387
 5.385
 5.384
 5.382
 5.380
 5.379
 5.377
 5.375
 5.373
 5.372
 5.370
 5.368
 5.367
 5.365
 5.363
 5.361
 5.360
 5.358
 5.356
 5.355
 5.353
 5.351
 5.349
 5.348
 5.346
 5.344
 5.343
 5.341
 5.339
 5.338
 5.336
 5.334
 5.332
 5.331
 5.329
 5.327
 5.326
 5.324
 5.322
 5.320
 5.319
 5.317
 5.315
 5.314
 5.312
 5.310
 5.309
 5.307
 5.305
 5.303
 5.302
 5.300
 5.298
 5.297
 5.295
 5.293
 5.292
 5.290
 5.288
 5.287
 5.285
 5.283
 5.281
 5.280
 5.278
 5.276
 5.275
 5.273
 5.271
 5.270
 5.268
 5.266
 5.264
 5.263
 5.261
 5.259
 5.258
 5.256
 5.254
 5.253
 5.251
 5.249
 5.248
 5.246
 5.244
 5.242
 5.241
 5.239
 5.237
 5.236
 5.234
 5.232
 5.231
 5.229
 5.227
 5.226
 5.224
 5.222
 5.221
 5.219
 5.217
 5.215
 5.214
 5.212
 5.210
 5.209
 5.207
 5.205
 5.204
 5.202
 5.200
 5.199
 5.197
 5.195
 5.194
 5.192
 5.190
 5.189
 5.187
 5.185
 5.184
 5.182
 5.180
 5.179
 5.177
 5.175
 5.173
 5.172
 5.170
 5.168
 5.167
 5.165
 5.163
 5.162
 5.160
 5.158
 5.157
 5.155
 5.153
 5.152
 5.150
 5.148
 5.147
 5.145
 5.143
 5.142
 5.140
 5.138
 5.137
 5.135
 5.133
 5.132
 5.130
 5.128
 5.127
 5.125
 5.123
 5.122
 5.120
 5.118
 5.117
 5.115
 5.113
 5.112
 5.110
 5.108
 5.107
 5.105
 5.103
 5.102
 5.100
 5.098
 5.097
 5.095
 5.093
 5.092
 5.090
 5.088
 5.087
 5.085
 5.083
 5.082
 5.080
 5.078
 5.077
 5.075
 5.073
 5.072
 5.070
 5.068
 5.067
 5.065
 5.063
 5.062
 5.060
 5.058
 5.057
 5.055
 5.053
 5.052
 5.050
 5.048
 5.047
 5.045
 5.043
 5.042
 5.040
 5.039
 5.037
 5.035
 5.034
 5.032
 5.030
 5.029
 5.027
 5.025
 5.024
 5.022
 5.020
 5.019
 5.017
 5.015
 5.014
 5.012
 5.010
 5.009
 5.007
 5.005
 5.004
 5.002
 5.001
 4.999
 4.997
 4.996
 4.994
 4.992
 4.991
 4.989
 4.987
 4.986
 4.984
 4.982
 4.981
 4.979
 4.977
 4.976
 4.974
 4.973
 4.971
 4.969
 4.968
 4.966
 4.964
 4.963
 4.961
 4.959
 4.958
 4.956
 4.954
 4.953
 4.951
 4.950
 4.948
 4.946
 4.945
 4.943
 4.941
 4.940
 4.938
 4.936
 4.935
 4.933
 4.931
 4.930
 4.928
 4.927
 4.925
 4.923
 4.922
 4.920
 4.918
 4.917
 4.915
 4.913
 4.912
 4.910
 4.909
 4.907
 4.905
 4.904
 4.902
 4.900
 4.899
 4.897
 4.896
 4.894
 4.892
 4.891
 4.889
 4.887
 4.886
 4.884
 4.882
 4.881
 4.879
 4.878
 4.876
 4.874
 4.873
 4.871
 4.869
 4.868
 4.866
 4.865
 4.863
 4.861
 4.860
 4.858
 4.856
 4.855
 4.853
 4.852
 4.850
 4.848
 4.847
 4.845
 4.843
 4.842
 4.840
 4.839
 4.837
 4.835
 4.834
 4.832
 4.830
 4.829
 4.827
 4.826
 4.824
 4.822
 4.821
 4.819
 4.818
 4.816
 4.814
 4.813
 4.811
 4.809
 4.808
 4.806
 4.805
 4.803
 4.801
 4.800
 4.798
 4.797
 4.795
 4.793
 4.792
 4.790
 4.788
 4.787
 4.785
 4.784
 4.782
 4.780
 4.779
 4.777
 4.776
 4.774
 4.772
 4.771
 4.769
 4.767
 4.766
 4.764
 4.763
 4.761
 4.759
 4.758
 4.756
 4.755
 4.753
 4.751
 4.750
 4.748
 4.747
 4.745
 4.743
 4.742
 4.740
 4.739
 4.737
 4.735
 4.734
 4.732
 4.730
 4.729
 4.727
 4.726
 4.724
 4.722
 4.721
 4.719
 4.718
 4.716
 4.714
 4.713
 4.711
 4.710
 4.708
 4.706
 4.705
 4.703
 4.702
 4.700
 4.698
 4.697
 4.695
 4.694
 4.692
 4.690
 4.689
 4.687
 4.686
 4.684
 4.682
 4.681
 4.679
 4.678
 4.676
 4.674
 4.673
 4.671
 4.670
 4.668
 4.666
 4.665
 4.663
 4.662
 4.660
 4.659
 4.657
 4.655
 4.654
 4.652
 4.651
 4.649
 4.647
 4.646
 4.644
 4.643
 4.641
 4.639
 4.638
 4.636
 4.635
 4.633
 4.631
 4.630
 4.628
 4.627
 4.625
 4.624
 4.622
 4.620
 4.619
 4.617
 4.616
 4.614
 4.612
 4.611
 4.609
 4.608
 4.606
 4.604
 4.603
 4.601
 4.600
 4.598
 4.597
 4.595
 4.593
 4.592
 4.590
 4.589
 4.587
 4.585
 4.584
 4.582
 4.581
 4.579
 4.578
 4.576
 4.574
 4.573
 4.571
 4.570
 4.568
 4.567
 4.565
 4.563
 4.562
 4.560
 4.559
 4.557
 4.555
 4.554
 4.552
 4.551
 4.549
 4.548
 4.546
 4.544
 4.543
 4.541
 4.540
 4.538
 4.537
 4.535
 4.533
 4.532
 4.530
 4.529
 4.527
 4.526
 4.524
 4.522
 4.521
 4.519
 4.518
 4.516
 4.515
 4.513
 4.511
 4.510
 4.508
 4.507
 4.505
 4.504
 4.502
 4.500
 4.499
 4.497
 4.496
 4.494
 4.493
 4.491
 4.489
 4.488
 4.486
 4.485
 4.483
 4.482
 4.480
 4.479
 4.477
 4.475
 4.474
 4.472
 4.471
 4.469
 4.468
 4.466
 4.464
 4.463
 4.461
 4.460
 4.458
 4.457
 4.455
 4.454
 4.452
 4.450
 4.449
 4.447
 4.446
 4.444
 4.443
 4.441
 4.439
 4.438
 4.436
 4.435
 4.433
 4.432
 4.430
 4.429
 4.427
 4.425
 4.424
 4.422
 4.421
 4.419
 4.418
 4.416
 4.415
 4.413
 4.411
 4.410
 4.408
 4.407
 4.405
 4.404
 4.402
 4.401
 4.399
 4.397
 4.396
 4.394
 4.393
 4.391
 4.390
 4.388
 4.387
 4.385
 4.383
 4.382
 4.380
 4.379
 4.377
 4.376
 4.374
 4.373
 4.371
 4.370
 4.368
 4.366
 4.365
 4.363
 4.362
 4.360
 4.359
 4.357
 4.356
 4.354
 4.353
 4.351
 4.349
 4.348
 4.346
 4.345
 4.343
 4.342
 4.340
 4.339
 4.337
 4.336
 4.334
 4.332
 4.331
 4.329
 4.328
 4.326
 4.325
 4.323
 4.322
 4.320
 4.319
 4.317
 4.316
 4.314
 4.312
 4.311
 4.309
 4.308
 4.306
 4.305
 4.303
 4.302
 4.300
 4.299
 4.297
 4.296
 4.294
 4.292
 4.291
 4.289
 4.288
 4.286
 4.285
 4.283
 4.282
 4.280
 4.279
 4.277
 4.276
 4.274
 4.273
 4.271
 4.269
 4.268
 4.266
 4.265
 4.263
 4.262
 4.260
 4.259
 4.257
 4.256
 4.254
 4.253
 4.251
 4.250
 4.248
 4.246
 4.245
 4.243
 4.242
 4.240
 4.239
 4.237
 4.236
 4.234
 4.233
 4.231
 4.230
 4.228
 4.227
 4.225
 4.224
 4.222
 4.221
 4.219
 4.217
 4.216
 4.214
 4.213
 4.211
 4.210
 4.208
 4.207
 4.205
 4.204
 4.202
 4.201
 4.199
 4.198
 4.196
 4.195
 4.193
 4.192
 4.190
 4.189
 4.187
 4.186
 4.184
 4.182
 4.181
 4.179
 4.178
 4.176
 4.175
 4.173
 4.172
 4.170
 4.169
 4.167
 4.166
 4.164
 4.163
 4.161
 4.160
 4.158
 4.157
 4.155
 4.154
 4.152
 4.151
 4.149
 4.148
 4.146
 4.145
 4.143
 4.142
 4.140
 4.139
 4.137
 4.135
 4.134
 4.132
 4.131
 4.129
 4.128
 4.126
 4.125
 4.123
 4.122
 4.120
 4.119
 4.117
 4.116
 4.114
 4.113
 4.111
 4.110
 4.108
 4.107
 4.105
 4.104
 4.102
 4.101
 4.099
 4.098
 4.096
 4.095
 4.093
 4.092
 4.090
 4.089
 4.087
 4.086
 4.084
 4.083
 4.081
 4.080
 4.078
 4.077
 4.075
 4.074
 4.072
 4.071
 4.069
 4.068
 4.066
 4.065
 4.063
 4.062
 4.060
 4.059
 4.057
 4.056
 4.054
 4.053
 4.051
 4.050
 4.048
 4.047
 4.045
 4.044
 4.042
 4.041
 4.039
 4.038
 4.036
 4.035
 4.033
 4.032
 4.030
 4.029
 4.027
 4.026
 4.024
 4.023
 4.021
 4.020
 4.018
 4.017
 4.015
 4.014
 4.012
 4.011
 4.009
 4.008
 4.006
 4.005
 4.003
 4.002
 4.000
 3.999
 3.997
 3.996
 3.994
 3.993
 3.991
 3.990
 3.988
 3.987
 3.985
 3.984
 3.982
 3.981
 3.979
 3.978
 3.976
 3.975
 3.973
 3.972
 3.971
 3.969
 3.968
 3.966
 3.965
 3.963
 3.962
 3.960
 3.959
 3.957
 3.956
 3.954
 3.953
 3.951
 3.950
 3.948
 3.947
 3.945
 3.944
 3.942
 3.941
 3.939
 3.938
 3.936
 3.935
 3.933
 3.932
 3.930
 3.929
 3.927
 3.926
 3.925
 3.923
 3.922
 3.920
 3.919
 3.917
 3.916
 3.914
 3.913
 3.911
 3.910
 3.908
 3.907
 3.905
 3.904
 3.902
 3.901
 3.899
 3.898
 3.896
 3.895
 3.893
 3.892
 3.891
 3.889
 3.888
 3.886
 3.885
 3.883
 3.882
 3.880
 3.879
 3.877
 3.876
 3.874
 3.873
 3.871
 3.870
 3.868
 3.867
 3.865
 3.864
 3.863
 3.861
 3.860
 3.858
 3.857
 3.855
 3.854
 3.852
 3.851
 3.849
 3.848
 3.846
 3.845
 3.843
 3.842
 3.840
 3.839
 3.838
 3.836
 3.835
 3.833
 3.832
 3.830
 3.829
 3.827
 3.826
 3.824
 3.823
 3.821
 3.820
 3.818
 3.817
 3.816
 3.814
 3.813
 3.811
 3.810
 3.808
 3.807
 3.805
 3.804
 3.802
 3.801
 3.799
 3.798
 3.797
 3.795
 3.794
 3.792
 3.791
 3.789
 3.788
 3.786
 3.785
 3.783
 3.782
 3.780
 3.779
 3.778
 3.776
 3.775
 3.773
 3.772
 3.770
 3.769
 3.767
 3.766
 3.764
 3.763
 3.761
 3.760
 3.759
 3.757
 3.756
 3.754
 3.753
 3.751
 3.750
 3.748
 3.747
 3.745
 3.744
 3.743
 3.741
 3.740
 3.738
 3.737
 3.735
 3.734
 3.732
 3.731
 3.729
 3.728
 3.727
 3.725
 3.724
 3.722
 3.721
 3.719
 3.718
 3.716
 3.715
 3.714
 3.712
 3.711
 3.709
 3.708
 3.706
 3.705
 3.703
 3.702
 3.700
 3.699
 3.698
 3.696
 3.695
 3.693
 3.692
 3.690
 3.689
 3.687
 3.686
 3.685
 3.683
 3.682
 3.680
 3.679
 3.677
 3.676
 3.674
 3.673
 3.672
 3.670
 3.669
 3.667
 3.666
 3.664
 3.663
 3.661
 3.660
 3.659
 3.657
 3.656
 3.654
 3.653
 3.651
 3.650
 3.649
 3.647
 3.646
 3.644
 3.643
 3.641
 3.640
 3.638
 3.637
 3.636
 3.634
 3.633
 3.631
 3.630
 3.628
 3.627
 3.625
 3.624
 3.623
 3.621
 3.620
 3.618
 3.617
 3.615
 3.614
 3.613
 3.611
 3.610
 3.608
 3.607
 3.605
 3.604
 3.603
 3.601
 3.600
 3.598
 3.597
 3.595
 3.594
 3.592
 3.591
 3.590
 3.588
 3.587
 3.585
 3.584
 3.582
 3.581
 3.580
 3.578
 3.577
 3.575
 3.574
 3.572
 3.571
 3.570
 3.568
 3.567
 3.565
 3.564
 3.562
 3.561
 3.560
 3.558
 3.557
 3.555
 3.554
 3.552
 3.551
 3.550
 3.548
 3.547
 3.545
 3.544
 3.542
 3.541
 3.540
 3.538
 3.537
 3.535
 3.534
 3.533
 3.531
 3.530
 3.528
 3.527
 3.525
 3.524
 3.523
 3.521
 3.520
 3.518
 3.517
 3.515
 3.514
 3.513
 3.511
 3.510
 3.508
 3.507
 3.506
 3.504
 3.503
 3.501
 3.500
 3.498
 3.497
 3.496
 3.494
 3.493
 3.491
 3.490
 3.488
 3.487
 3.486
 3.484
 3.483
 3.481
 3.480
 3.479
 3.477
 3.476
 3.474
 3.473
 3.471
 3.470
 3.469
 3.467
 3.466
 3.464
 3.463
 3.462
 3.460
 3.459
 3.457
 3.456
 3.455
 3.453
 3.452
 3.450
 3.449
 3.447
 3.446
 3.445
 3.443
 3.442
 3.440
 3.439
 3.438
 3.436
 3.435
 3.433
 3.432
 3.431
 3.429
 3.428
 3.426
 3.425
 3.423
 3.422
 3.421
 3.419
 3.418
 3.416
 3.415
 3.414
 3.412
 3.411
 3.409
 3.408
 3.407
 3.405
 3.404
 3.402
 3.401
 3.400
 3.398
 3.397
 3.395
 3.394
 3.393
 3.391
 3.390
 3.388
 3.387
 3.386
 3.384
 3.383
 3.381
 3.380
 3.379
 3.377
 3.376
 3.374
 3.373
 3.372
 3.370
 3.369
 3.367
 3.366
 3.365
 3.363
 3.362
 3.360
 3.359
 3.358
 3.356
 3.355
 3.353
 3.352
 3.351
 3.349
 3.348
 3.346
 3.345
 3.344
 3.342
 3.341
 3.339
 3.338
 3.337
 3.335
 3.334
 3.332
 3.331
 3.330
 3.328
 3.327
 3.325
 3.324
 3.323
 3.321
 3.320
 3.318
 3.317
 3.316
 3.314
 3.313
 3.311
 3.310
 3.309
 3.307
 3.306
 3.305
 3.303
 3.302
 3.300
 3.299
 3.298
 3.296
 3.295
 3.293
 3.292
 3.291
 3.289
 3.288
 3.286
 3.285
 3.284
 3.282
 3.281
 3.279
 3.278
 3.277
 3.275
 3.274
 3.273
 3.271
 3.270
 3.268
 3.267
 3.266
 3.264
 3.263
 3.261
 3.260
 3.259
 3.257
 3.256
 3.255
 3.253
 3.252
 3.250
 3.249
 3.248
 3.246
 3.245
 3.243
 3.242
 3.241
 3.239
 3.238
 3.237
 3.235
 3.234
 3.232
 3.231
 3.230
 3.228
 3.227
 3.225
 3.224
 3.223
 3.221
 3.220
 3.219
 3.217
 3.216
 3.214
 3.213
 3.212
 3.210
 3.209
 3.208
 3.206
 3.205
 3.203
 3.202
 3.201
 3.199
 3.198
 3.197
 3.195
 3.194
 3.192
 3.191
 3.190
 3.188
 3.187
 3.186
 3.184
 3.183
 3.181
 3.180
 3.179
 3.177
 3.176
 3.175
 3.173
 3.172
 3.170
 3.169
 3.168
 3.166
 3.165
 3.164
 3.162
 3.161
 3.159
 3.158
 3.157
 3.155
 3.154
 3.153
 3.151
 3.150
 3.148
 3.147
 3.146
 3.144
 3.143
 3.142
 3.140
 3.139
 3.138
 3.136
 3.135
 3.133
 3.132
 3.131
 3.129
 3.128
 3.127
 3.125
 3.124
 3.122
 3.121
 3.120
 3.118
 3.117
 3.116
 3.114
 3.113
 3.112
 3.110
 3.109
 3.107
 3.106
 3.105
 3.103
 3.102
 3.101
 3.099
 3.098
 3.097
 3.095
 3.094
 3.092
 3.091
 3.090
 3.088
 3.087
 3.086
 3.084
 3.083
 3.082
 3.080
 3.079
 3.077
 3.076
 3.075
 3.073
 3.072
 3.071
 3.069
 3.068
 3.067
 3.065
 3.064
 3.063
 3.061
 3.060
 3.058
 3.057
 3.056
 3.054
 3.053
 3.052
 3.050
 3.049
 3.048
 3.046
 3.045
 3.044
 3.042
 3.041
 3.039
 3.038
 3.037
 3.035
 3.034
 3.033
 3.031
 3.030
 3.029
 3.027
 3.026
 3.025
 3.023
 3.022
 3.021
 3.019
 3.018
 3.016
 3.015
 3.014
 3.012
 3.011
 3.010
 3.008
 3.007
 3.006
 3.004
 3.003
 3.002
 3.000
 2.999
 2.998
 2.996
 2.995
 2.993
 2.992
 2.991
 2.989
 2.988
 2.987
 2.985
 2.984
 2.983
 2.981
 2.980
 2.979
 2.977
 2.976
 2.975
 2.973
 2.972
 2.971
 2.969
 2.968
 2.967
 2.965
 2.964
 2.963
 2.961
 2.960
 2.958
 2.957
 2.956
 2.954
 2.953
 2.952
 2.950
 2.949
 2.948
 2.946
 2.945
 2.944
 2.942
 2.941
 2.940
 2.938
 2.937
 2.936
 2.934
 2.933
 2.932
 2.930
 2.929
 2.928
 2.926
 2.925
 2.924
 2.922
 2.921
 2.920
 2.918
 2.917
 2.916
 2.914
 2.913
 2.912
 2.910
 2.909
 2.908
 2.906
 2.905
 2.904
 2.902
 2.901
 2.900
 2.898
 2.897
 2.896
 2.894
 2.893
 2.891
 2.890
 2.889
 2.887
 2.886
 2.885
 2.883
 2.882
 2.881
 2.879
 2.878
 2.877
 2.875
 2.874
 2.873
 2.871
 2.870
 2.869
 2.867
 2.866
 2.865
 2.863
 2.862
 2.861
 2.860
 2.858
 2.857
 2.856
 2.854
 2.853
 2.852
 2.850
 2.849
 2.848
 2.846
 2.845
 2.844
 2.842
 2.841
 2.840
 2.838
 2.837
 2.836
 2.834
 2.833
 2.832
 2.830
 2.829
 2.828
 2.826
 2.825
 2.824
 2.822
 2.821
 2.820
 2.818
 2.817
 2.816
 2.814
 2.813
 2.812
 2.810
 2.809
 2.808
 2.806
 2.805
 2.804
 2.802
 2.801
 2.800
 2.798
 2.797
 2.796
 2.794
 2.793
 2.792
 2.791
 2.789
 2.788
 2.787
 2.785
 2.784
 2.783
 2.781
 2.780
 2.779
 2.777
 2.776
 2.775
 2.773
 2.772
 2.771
 2.769
 2.768
 2.767
 2.765
 2.764
 2.763
 2.761
 2.760
 2.759
 2.758
 2.756
 2.755
 2.754
 2.752
 2.751
 2.750
 2.748
 2.747
 2.746
 2.744
 2.743
 2.742
 2.740
 2.739
 2.738
 2.736
 2.735
 2.734
 2.733
 2.731
 2.730
 2.729
 2.727
 2.726
 2.725
 2.723
 2.722
 2.721
 2.719
 2.718
 2.717
 2.715
 2.714
 2.713
 2.712
 2.710
 2.709
 2.708
 2.706
 2.705
 2.704
 2.702
 2.701
 2.700
 2.698
 2.697
 2.696
 2.694
 2.693
 2.692
 2.691
 2.689
 2.688
 2.687
 2.685
 2.684
 2.683
 2.681
 2.680
 2.679
 2.677
 2.676
 2.675
 2.674
 2.672
 2.671
 2.670
 2.668
 2.667
 2.666
 2.664
 2.663
 2.662
 2.661
 2.659
 2.658
 2.657
 2.655
 2.654
 2.653
 2.651
 2.650
 2.649
 2.647
 2.646
 2.645
 2.644
 2.642
 2.641
 2.640
 2.638
 2.637
 2.636
 2.634
 2.633
 2.632
 2.631
 2.629
 2.628
 2.627
 2.625
 2.624
 2.623
 2.621
 2.620
 2.619
 2.618
 2.616
 2.615
 2.614
 2.612
 2.611
 2.610
 2.608
 2.607
 2.606
 2.605
 2.603
 2.602
 2.601
 2.599
 2.598
 2.597
 2.595
 2.594
 2.593
 2.592
 2.590
 2.589
 2.588
 2.586
 2.585
 2.584
 2.583
 2.581
 2.580
 2.579
 2.577
 2.576
 2.575
 2.573
 2.572
 2.571
 2.570
 2.568
 2.567
 2.566
 2.564
 2.563
 2.562
 2.561
 2.559
 2.558
 2.557
 2.555
 2.554
 2.553
 2.552
 2.550
 2.549
 2.548
 2.546
 2.545
 2.544
 2.542
 2.541
 2.540
 2.539
 2.537
 2.536
 2.535
 2.533
 2.532
 2.531
 2.530
 2.528
 2.527
 2.526
 2.524
 2.523
 2.522
 2.521
 2.519
 2.518
 2.517
 2.515
 2.514
 2.513
 2.512
 2.510
 2.509
 2.508
 2.506
 2.505
 2.504
 2.503
 2.501
 2.500
 2.499
 2.497
 2.496
 2.495
 2.494
 2.492
 2.491
 2.490
 2.488
 2.487
 2.486
 2.485
 2.483
 2.482
 2.481
 2.479
 2.478
 2.477
 2.476
 2.474
 2.473
 2.472
 2.471
 2.469
 2.468
 2.467
 2.465
 2.464
 2.463
 2.462
 2.460
 2.459
 2.458
 2.456
 2.455
 2.454
 2.453
 2.451
 2.450
 2.449
 2.448
 2.446
 2.445
 2.444
 2.442
 2.441
 2.440
 2.439
 2.437
 2.436
 2.435
 2.433
 2.432
 2.431
 2.430
 2.428
 2.427
 2.426
 2.425
 2.423
 2.422
 2.421
 2.419
 2.418
 2.417
 2.416
 2.414
 2.413
 2.412
 2.411
 2.409
 2.408
 2.407
 2.405
 2.404
 2.403
 2.402
 2.400
 2.399
 2.398
 2.397
 2.395
 2.394
 2.393
 2.391
 2.390
 2.389
 2.388
 2.386
 2.385
 2.384
 2.383
 2.381
 2.380
 2.379
 2.377
 2.376
 2.375
 2.374
 2.372
 2.371
 2.370
 2.369
 2.367
 2.366
 2.365
 2.364
 2.362
 2.361
 2.360
 2.358
 2.357
 2.356
 2.355
 2.353
 2.352
 2.351
 2.350
 2.348
 2.347
 2.346
 2.345
 2.343
 2.342
 2.341
 2.340
 2.338
 2.337
 2.336
 2.334
 2.333
 2.332
 2.331
 2.329
 2.328
 2.327
 2.326
 2.324
 2.323
 2.322
 2.321
 2.319
 2.318
 2.317
 2.316
 2.314
 2.313
 2.312
 2.310
 2.309
 2.308
 2.307
 2.305
 2.304
 2.303
 2.302
 2.300
 2.299
 2.298
 2.297
 2.295
 2.294
 2.293
 2.292
 2.290
 2.289
 2.288
 2.287
 2.285
 2.284
 2.283
 2.282
 2.280
 2.279
 2.278
 2.277
 2.275
 2.274
 2.273
 2.272
 2.270
 2.269
 2.268
 2.266
 2.265
 2.264
 2.263
 2.261
 2.260
 2.259
 2.258
 2.256
 2.255
 2.254
 2.253
 2.251
 2.250
 2.249
 2.248
 2.246
 2.245
 2.244
 2.243
 2.241
 2.240
 2.239
 2.238
 2.236
 2.235
 2.234
 2.233
 2.231
 2.230
 2.229
 2.228
 2.226
 2.225
 2.224
 2.223
 2.221
 2.220
 2.219
 2.218
 2.216
 2.215
 2.214
 2.213
 2.211
 2.210
 2.209
 2.208
 2.206
 2.205
 2.204
 2.203
 2.201
 2.200
 2.199
 2.198
 2.196
 2.195
 2.194
 2.193
 2.192
 2.190
 2.189
 2.188
 2.187
 2.185
 2.184
 2.183
 2.182
 2.180
 2.179
 2.178
 2.177
 2.175
 2.174
 2.173
 2.172
 2.170
 2.169
 2.168
 2.167
 2.165
 2.164
 2.163
 2.162
 2.160
 2.159
 2.158
 2.157
 2.155
 2.154
 2.153
 2.152
 2.151
 2.149
 2.148
 2.147
 2.146
 2.144
 2.143
 2.142
 2.141
 2.139
 2.138
 2.137
 2.136
 2.134
 2.133
 2.132
 2.131
 2.129
 2.128
 2.127
 2.126
 2.125
 2.123
 2.122
 2.121
 2.120
 2.118
 2.117
 2.116
 2.115
 2.113
 2.112
 2.111
 2.110
 2.108
 2.107
 2.106
 2.105
 2.104
 2.102
 2.101
 2.100
 2.099
 2.097
 2.096
 2.095
 2.094
 2.092
 2.091
 2.090
 2.089
 2.087
 2.086
 2.085
 2.084
 2.083
 2.081
 2.080
 2.079
 2.078
 2.076
 2.075
 2.074
 2.073
 2.071
 2.070
 2.069
 2.068
 2.067
 2.065
 2.064
 2.063
 2.062
 2.060
 2.059
 2.058
 2.057
 2.055
 2.054
 2.053
 2.052
 2.051
 2.049
 2.048
 2.047
 2.046
 2.044
 2.043
 2.042
 2.041
 2.040
 2.038
 2.037
 2.036
 2.035
 2.033
 2.032
 2.031
 2.030
 2.029
 2.027
 2.026
 2.025
 2.024
 2.022
 2.021
 2.020
 2.019
 2.017
 2.016
 2.015
 2.014
 2.013
 2.011
 2.010
 2.009
 2.008
 2.006
 2.005
 2.004
 2.003
 2.002
 2.000
 1.999
 1.998
 1.997
 1.995
 1.994
 1.993
 1.992
 1.991
 1.989
 1.988
 1.987
 1.986
 1.985
 1.983
 1.982
 1.981
 1.980
 1.978
 1.977
 1.976
 1.975
 1.974
 1.972
 1.971
 1.970
 1.969
 1.967
 1.966
 1.965
 1.964
 1.963
 1.961
 1.960
 1.959
 1.958
 1.956
 1.955
 1.954
 1.953
 1.952
 1.950
 1.949
 1.948
 1.947
 1.946
 1.944
 1.943
 1.942
 1.941
 1.939
 1.938
 1.937
 1.936
 1.935
 1.933
 1.932
 1.931
 1.930
 1.929
 1.927
 1.926
 1.925
 1.924
 1.923
 1.921
 1.920
 1.919
 1.918
 1.916
 1.915
 1.914
 1.913
 1.912
 1.910
 1.909
 1.908
 1.907
 1.906
 1.904
 1.903
 1.902
 1.901
 1.900
 1.898
 1.897
 1.896
 1.895
 1.893
 1.892
 1.891
 1.890
 1.889
 1.887
 1.886
 1.885
 1.884
 1.883
 1.881
 1.880
 1.879
 1.878
 1.877
 1.875
 1.874
 1.873
 1.872
 1.871
 1.869
 1.868
 1.867
 1.866
 1.865
 1.863
 1.862
 1.861
 1.860
 1.858
 1.857
 1.856
 1.855
 1.854
 1.852
 1.851
 1.850
 1.849
 1.848
 1.846
 1.845
 1.844
 1.843
 1.842
 1.840
 1.839
 1.838
 1.837
 1.836
 1.834
 1.833
 1.832
 1.831
 1.830
 1.828
 1.827
 1.826
 1.825
 1.824
 1.822
 1.821
 1.820
 1.819
 1.818
 1.816
 1.815
 1.814
 1.813
 1.812
 1.810
 1.809
 1.808
 1.807
 1.806
 1.804
 1.803
 1.802
 1.801
 1.800
 1.798
 1.797
 1.796
 1.795
 1.794
 1.792
 1.791
 1.790
 1.789
 1.788
 1.786
 1.785
 1.784
 1.783
 1.782
 1.781
 1.779
 1.778
 1.777
 1.776
 1.775
 1.773
 1.772
 1.771
 1.770
 1.769
 1.767
 1.766
 1.765
 1.764
 1.763
 1.761
 1.760
 1.759
 1.758
 1.757
 1.755
 1.754
 1.753
 1.752
 1.751
 1.749
 1.748
 1.747
 1.746
 1.745
 1.744
 1.742
 1.741
 1.740
 1.739
 1.738
 1.736
 1.735
 1.734
 1.733
 1.732
 1.730
 1.729
 1.728
 1.727
 1.726
 1.725
 1.723
 1.722
 1.721
 1.720
 1.719
 1.717
 1.716
 1.715
 1.714
 1.713
 1.711
 1.710
 1.709
 1.708
 1.707
 1.706
 1.704
 1.703
 1.702
 1.701
 1.700
 1.698
 1.697
 1.696
 1.695
 1.694
 1.692
 1.691
 1.690
 1.689
 1.688
 1.687
 1.685
 1.684
 1.683
 1.682
 1.681
 1.679
 1.678
 1.677
 1.676
 1.675
 1.674
 1.672
 1.671
 1.670
 1.669
 1.668
 1.666
 1.665
 1.664
 1.663
 1.662
 1.661
 1.659
 1.658
 1.657
 1.656
 1.655
 1.653
 1.652
 1.651
 1.650
 1.649
 1.648
 1.646
 1.645
 1.644
 1.643
 1.642
 1.640
 1.639
 1.638
 1.637
 1.636
 1.635
 1.633
 1.632
 1.631
 1.630
 1.629
 1.628
 1.626
 1.625
 1.624
 1.623
 1.622
 1.620
 1.619
 1.618
 1.617
 1.616
 1.615
 1.613
 1.612
 1.611
 1.610
 1.609
 1.608
 1.606
 1.605
 1.604
 1.603
 1.602
 1.601
 1.599
 1.598
 1.597
 1.596
 1.595
 1.593
 1.592
 1.591
 1.590
 1.589
 1.588
 1.586
 1.585
 1.584
 1.583
 1.582
 1.581
 1.579
 1.578
 1.577
 1.576
 1.575
 1.574
 1.572
 1.571
 1.570
 1.569
 1.568
 1.567
 1.565
 1.564
 1.563
 1.562
 1.561
 1.560
 1.558
 1.557
 1.556
 1.555
 1.554
 1.553
 1.551
 1.550
 1.549
 1.548
 1.547
 1.546
 1.544
 1.543
 1.542
 1.541
 1.540
 1.539
 1.537
 1.536
 1.535
 1.534
 1.533
 1.532
 1.530
 1.529
 1.528
 1.527
 1.526
 1.525
 1.523
 1.522
 1.521
 1.520
 1.519
 1.518
 1.516
 1.515
 1.514
 1.513
 1.512
 1.511
 1.509
 1.508
 1.507
 1.506
 1.505
 1.504
 1.502
 1.501
 1.500
 1.499
 1.498
 1.497
 1.495
 1.494
 1.493
 1.492
 1.491
 1.490
 1.488
 1.487
 1.486
 1.485
 1.484
 1.483
 1.482
 1.480
 1.479
 1.478
 1.477
 1.476
 1.475
 1.473
 1.472
 1.471
 1.470
 1.469
 1.468
 1.466
 1.465
 1.464
 1.463
 1.462
 1.461
 1.460
 1.458
 1.457
 1.456
 1.455
 1.454
 1.453
 1.451
 1.450
 1.449
 1.448
 1.447
 1.446
 1.444
 1.443
 1.442
 1.441
 1.440
 1.439
 1.438
 1.436
 1.435
 1.434
 1.433
 1.432
 1.431
 1.429
 1.428
 1.427
 1.426
 1.425
 1.424
 1.423
 1.421
 1.420
 1.419
 1.418
 1.417
 1.416
 1.414
 1.413
 1.412
 1.411
 1.410
 1.409
 1.408
 1.406
 1.405
 1.404
 1.403
 1.402
 1.401
 1.400
 1.398
 1.397
 1.396
 1.395
 1.394
 1.393
 1.391
 1.390
 1.389
 1.388
 1.387
 1.386
 1.385
 1.383
 1.382
 1.381
 1.380
 1.379
 1.378
 1.377
 1.375
 1.374
 1.373
 1.372
 1.371
 1.370
 1.369
 1.367
 1.366
 1.365
 1.364
 1.363
 1.362
 1.360
 1.359
 1.358
 1.357
 1.356
 1.355
 1.354
 1.352
 1.351
 1.350
 1.349
 1.348
 1.347
 1.346
 1.344
 1.343
 1.342
 1.341
 1.340
 1.339
 1.338
 1.336
 1.335
 1.334
 1.333
 1.332
 1.331
 1.330
 1.328
 1.327
 1.326
 1.325
 1.324
 1.323
 1.322
 1.320
 1.319
 1.318
 1.317
 1.316
 1.315
 1.314
 1.312
 1.311
 1.310
 1.309
 1.308
 1.307
 1.306
 1.305
 1.303
 1.302
 1.301
 1.300
 1.299
 1.298
 1.297
 1.295
 1.294
 1.293
 1.292
 1.291
 1.290
 1.289
 1.287
 1.286
 1.285
 1.284
 1.283
 1.282
 1.281
 1.279
 1.278
 1.277
 1.276
 1.275
 1.274
 1.273
 1.272
 1.270
 1.269
 1.268
 1.267
 1.266
 1.265
 1.264
 1.262
 1.261
 1.260
 1.259
 1.258
 1.257
 1.256
 1.254
 1.253
 1.252
 1.251
 1.250
 1.249
 1.248
 1.247
 1.245
 1.244
 1.243
 1.242
 1.241
 1.240
 1.239
 1.238
 1.236
 1.235
 1.234
 1.233
 1.232
 1.231
 1.230
 1.228
 1.227
 1.226
 1.225
 1.224
 1.223
 1.222
 1.221
 1.219
 1.218
 1.217
 1.216
 1.215
 1.214
 1.213
 1.212
 1.210
 1.209
 1.208
 1.207
 1.206
 1.205
 1.204
 1.202
 1.201
 1.200
 1.199
 1.198
 1.197
 1.196
 1.195
 1.193
 1.192
 1.191
 1.190
 1.189
 1.188
 1.187
 1.186
 1.184
 1.183
 1.182
 1.181
 1.180
 1.179
 1.178
 1.177
 1.175
 1.174
 1.173
 1.172
 1.171
 1.170
 1.169
 1.168
 1.166
 1.165
 1.164
 1.163
 1.162
 1.161
 1.160
 1.159
 1.157
 1.156
 1.155
 1.154
 1.153
 1.152
 1.151
 1.150
 1.148
 1.147
 1.146
 1.145
 1.144
 1.143
 1.142
 1.141
 1.140
 1.138
 1.137
 1.136
 1.135
 1.134
 1.133
 1.132
 1.131
 1.129
 1.128
 1.127
 1.126
 1.125
 1.124
 1.123
 1.122
 1.120
 1.119
 1.118
 1.117
 1.116
 1.115
 1.114
 1.113
 1.112
 1.110
 1.109
 1.108
 1.107
 1.106
 1.105
 1.104
 1.103
 1.101
 1.100
 1.099
 1.098
 1.097
 1.096
 1.095
 1.094
 1.093
 1.091
 1.090
 1.089
 1.088
 1.087
 1.086
 1.085
 1.084
 1.083
 1.081
 1.080
 1.079
 1.078
 1.077
 1.076
 1.075
 1.074
 1.073
 1.071
 1.070
 1.069
 1.068
 1.067
 1.066
 1.065
 1.064
 1.062
 1.061
 1.060
 1.059
 1.058
 1.057
 1.056
 1.055
 1.054
 1.052
 1.051
 1.050
 1.049
 1.048
 1.047
 1.046
 1.045
 1.044
 1.043
 1.041
 1.040
 1.039
 1.038
 1.037
 1.036
 1.035
 1.034
 1.033
 1.031
 1.030
 1.029
 1.028
 1.027
 1.026
 1.025
 1.024
 1.023
 1.021
 1.020
 1.019
 1.018
 1.017
 1.016
 1.015
 1.014
 1.013
 1.011
 1.010
 1.009
 1.008
 1.007
 1.006
 1.005
 1.004
 1.003
 1.002
 1.000
 0.999
 0.998
 0.997
 0.996
 0.995
 0.994
 0.993
 0.992
 0.990
 0.989
 0.988
 0.987
 0.986
 0.985
 0.984
 0.983
 0.982
 0.981
 0.979
 0.978
 0.977
 0.976
 0.975
 0.974
 0.973
 0.972
 0.971
 0.970
 0.968
 0.967
 0.966
 0.965
 0.964
 0.963
 0.962
 0.961
 0.960
 0.959
 0.957
 0.956
 0.955
 0.954
 0.953
 0.952
 0.951
 0.950
 0.949
 0.948
 0.946
 0.945
 0.944
 0.943
 0.942
 0.941
 0.940
 0.939
 0.938
 0.937
 0.935
 0.934
 0.933
 0.932
 0.931
 0.930
 0.929
 0.928
 0.927
 0.926
 0.924
 0.923
 0.922
 0.921
 0.920
 0.919
 0.918
 0.917
 0.916
 0.915
 0.913
 0.912
 0.911
 0.910
 0.909
 0.908
 0.907
 0.906
 0.905
 0.904
 0.903
 0.901
 0.900
 0.899
 0.898
 0.897
 0.896
 0.895
 0.894
 0.893
 0.892
 0.890
 0.889
 0.888
 0.887
 0.886
 0.885
 0.884
 0.883
 0.882
 0.881
 0.880
 0.878
 0.877
 0.876
 0.875
 0.874
 0.873
 0.872
 0.871
 0.870
 0.869
 0.868
 0.866
 0.865
 0.864
 0.863
 0.862
 0.861
 0.860
 0.859
 0.858
 0.857
 0.856
 0.854
 0.853
 0.852
 0.851
 0.850
 0.849
 0.848
 0.847
 0.846
 0.845
 0.844
 0.843
 0.841
 0.840
 0.839
 0.838
 0.837
 0.836
 0.835
 0.834
 0.833
 0.832
 0.831
 0.829
 0.828
 0.827
 0.826
 0.825
 0.824
 0.823
 0.822
 0.821
 0.820
 0.819
 0.818
 0.816
 0.815
 0.814
 0.813
 0.812
 0.811
 0.810
 0.809
 0.808
 0.807
 0.806
 0.805
 0.803
 0.802
 0.801
 0.800
 0.799
 0.798
 0.797
 0.796
 0.795
 0.794
 0.793
 0.792
 0.790
 0.789
 0.788
 0.787
 0.786
 0.785
 0.784
 0.783
 0.782
 0.781
 0.780
 0.779
 0.777
 0.776
 0.775
 0.774
 0.773
 0.772
 0.771
 0.770
 0.769
 0.768
 0.767
 0.766
 0.764
 0.763
 0.762
 0.761
 0.760
 0.759
 0.758
 0.757
 0.756
 0.755
 0.754
 0.753
 0.752
 0.750
 0.749
 0.748
 0.747
 0.746
 0.745
 0.744
 0.743
 0.742
 0.741
 0.740
 0.739
 0.738
 0.736
 0.735
 0.734
 0.733
 0.732
 0.731
 0.730
 0.729
 0.728
 0.727
 0.726
 0.725
 0.724
 0.722
 0.721
 0.720
 0.719
 0.718
 0.717
 0.716
 0.715
 0.714
 0.713
 0.712
 0.711
 0.710
 0.709
 0.707
 0.706
 0.705
 0.704
 0.703
 0.702
 0.701
 0.700
 0.699
 0.698
 0.697
 0.696
 0.695
 0.694
 0.692
 0.691
 0.690
 0.689
 0.688
 0.687
 0.686
 0.685
 0.684
 0.683
 0.682
 0.681
 0.680
 0.679
 0.677
 0.676
 0.675
 0.674
 0.673
 0.672
 0.671
 0.670
 0.669
 0.668
 0.667
 0.666
 0.665
 0.664
 0.662
 0.661
 0.660
 0.659
 0.658
 0.657
 0.656
 0.655
 0.654
 0.653
 0.652
 0.651
 0.650
 0.649
 0.648
 0.646
 0.645
 0.644
 0.643
 0.642
 0.641
 0.640
 0.639
 0.638
 0.637
 0.636
 0.635
 0.634
 0.633
 0.632
 0.630
 0.629
 0.628
 0.627
 0.626
 0.625
 0.624
 0.623
 0.622
 0.621
 0.620
 0.619
 0.618
 0.617
 0.616
 0.614
 0.613
 0.612
 0.611
 0.610
 0.609
 0.608
 0.607
 0.606
 0.605
 0.604
 0.603
 0.602
 0.601
 0.600
 0.599
 0.598
 0.596
 0.595
 0.594
 0.593
 0.592
 0.591
 0.590
 0.589
 0.588
 0.587
 0.586
 0.585
 0.584
 0.583
 0.582
 0.581
 0.579
 0.578
 0.577
 0.576
 0.575
 0.574
 0.573
 0.572
 0.571
 0.570
 0.569
 0.568
 0.567
 0.566
 0.565
 0.564
 0.563
 0.561
 0.560
 0.559
 0.558
 0.557
 0.556
 0.555
 0.554
 0.553
 0.552
 0.551
 0.550
 0.549
 0.548
 0.547
 0.546
 0.545
 0.544
 0.542
 0.541
 0.540
 0.539
 0.538
 0.537
 0.536
 0.535
 0.534
 0.533
 0.532
 0.531
 0.530
 0.529
 0.528
 0.527
 0.526
 0.525
 0.523
 0.522
 0.521
 0.520
 0.519
 0.518
 0.517
 0.516
 0.515
 0.514
 0.513
 0.512
 0.511
 0.510
 0.509
 0.508
 0.507
 0.506
 0.505
 0.503
 0.502
 0.501
 0.500
 0.499
 0.498
 0.497
 0.496
 0.495
 0.494
 0.493
 0.492
 0.491
 0.490
 0.489
 0.488
 0.487
 0.486
 0.485
 0.484
 0.482
 0.481
 0.480
 0.479
 0.478
 0.477
 0.476
 0.475
 0.474
 0.473
 0.472
 0.471
 0.470
 0.469
 0.468
 0.467
 0.466
 0.465
 0.464
 0.463
 0.461
 0.460
 0.459
 0.458
 0.457
 0.456
 0.455
 0.454
 0.453
 0.452
 0.451
 0.450
 0.449
 0.448
 0.447
 0.446
 0.445
 0.444
 0.443
 0.442
 0.441
 0.440
 0.438
 0.437
 0.436
 0.435
 0.434
 0.433
 0.432
 0.431
 0.430
 0.429
 0.428
 0.427
 0.426
 0.425
 0.424
 0.423
 0.422
 0.421
 0.420
 0.419
 0.418
 0.417
 0.416
 0.414
 0.413
 0.412
 0.411
 0.410
 0.409
 0.408
 0.407
 0.406
 0.405
 0.404
 0.403
 0.402
 0.401
 0.400
 0.399
 0.398
 0.397
 0.396
 0.395
 0.394
 0.393
 0.392
 0.391
 0.389
 0.388
 0.387
 0.386
 0.385
 0.384
 0.383
 0.382
 0.381
 0.380
 0.379
 0.378
 0.377
 0.376
 0.375
 0.374
 0.373
 0.372
 0.371
 0.370
 0.369
 0.368
 0.367
 0.366
 0.365
 0.364
 0.362
 0.361
 0.360
 0.359
 0.358
 0.357
 0.356
 0.355
 0.354
 0.353
 0.352
 0.351
 0.350
 0.349
 0.348
 0.347
 0.346
 0.345
 0.344
 0.343
 0.342
 0.341
 0.340
 0.339
 0.338
 0.337
 0.336
 0.335
 0.333
 0.332
 0.331
 0.330
 0.329
 0.328
 0.327
 0.326
 0.325
 0.324
 0.323
 0.322
 0.321
 0.320
 0.319
 0.318
 0.317
 0.316
 0.315
 0.314
 0.313
 0.312
 0.311
 0.310
 0.309
 0.308
 0.307
 0.306
 0.305
 0.304
 0.303
 0.301
 0.300
 0.299
 0.298
 0.297
 0.296
 0.295
 0.294
 0.293
 0.292
 0.291
 0.290
 0.289
 0.288
 0.287
 0.286
 0.285
 0.284
 0.283
 0.282
 0.281
 0.280
 0.279
 0.278
 0.277
 0.276
 0.275
 0.274
 0.273
 0.272
 0.271
 0.270
 0.269
 0.268
 0.267
 0.265
 0.264
 0.263
 0.262
 0.261
 0.260
 0.259
 0.258
 0.257
 0.256
 0.255
 0.254
 0.253
 0.252
 0.251
 0.250
 0.249
 0.248
 0.247
 0.246
 0.245
 0.244
 0.243
 0.242
 0.241
 0.240
 0.239
 0.238
 0.237
 0.236
 0.235
 0.234
 0.233
 0.232
 0.231
 0.230
 0.229
 0.228
 0.227
 0.226
 0.225
 0.223
 0.222
 0.221
 0.220
 0.219
 0.218
 0.217
 0.216
 0.215
 0.214
 0.213
 0.212
 0.211
 0.210
 0.209
 0.208
 0.207
 0.206
 0.205
 0.204
 0.203
 0.202
 0.201
 0.200
 0.199
 0.198
 0.197
 0.196
 0.195
 0.194
 0.193
 0.192
 0.191
 0.190
 0.189
 0.188
 0.187
 0.186
 0.185
 0.184
 0.183
 0.182
 0.181
 0.180
 0.179
 0.178
 0.177
 0.176
 0.175
 0.173
 0.172
 0.171
 0.170
 0.169
 0.168
 0.167
 0.166
 0.165
 0.164
 0.163
 0.162
 0.161
 0.160
 0.159
 0.158
 0.157
 0.156
 0.155
 0.154
 0.153
 0.152
 0.151
 0.150
 0.149
 0.148
 0.147
 0.146
 0.145
 0.144
 0.143
 0.142
 0.141
 0.140
 0.139
 0.138
 0.137
 0.136
 0.135
 0.134
 0.133
 0.132
 0.131
 0.130
 0.129
 0.128
 0.127
 0.126
 0.125
 0.124
 0.123
 0.122
 0.121
 0.120
 0.119
 0.118
 0.117
 0.116
 0.115
 0.114
 0.113
 0.112
 0.111
 0.110
 0.109
 0.108
 0.107
 0.106
 0.105
 0.104
 0.103
 0.102
 0.101
 0.099
 0.098
 0.097
 0.096
 0.095
 0.094
 0.093
 0.092
 0.091
 0.090
 0.089
 0.088
 0.087
 0.086
 0.085
 0.084
 0.083
 0.082
 0.081
 0.080
 0.079
 0.078
 0.077
 0.076
 0.075
 0.074
 0.073
 0.072
 0.071
 0.070
 0.069
 0.068
 0.067
 0.066
 0.065
 0.064
 0.063
 0.062
 0.061
 0.060
 0.059
 0.058
 0.057
 0.056
 0.055
 0.054
 0.053
 0.052
 0.051
 0.050
 0.049
 0.048
 0.047
 0.046
 0.045
 0.044
 0.043
 0.042
 0.041
 0.040
 0.039
 0.038
 0.037
 0.036
 0.035
 0.034
 0.033
 0.032
 0.031
 0.030
 0.029
 0.028
 0.027
 0.026
 0.025
 0.024
 0.023
 0.022
 0.021
 0.020
 0.019
 0.018
 0.017
 0.016
 0.015
 0.014
 0.013
 0.012
 0.011
 0.010
 0.009
 0.008
 0.007
 0.006
 0.005
 0.004
 0.003
 0.002
 0.001
 0.000
